86713
60278
9621
14141
5221
4673
680
742
31882
6789
8262
5753
10854
967
773
1834
2665
808
3101
1003
176
4173
1131
222
1842
147
8792
530
508
309
189
137
5136
107
176
126
196
5206
1721
356
58
392
59
350
84
46
48
48
38
2003
38
1936
323
121
25
36
69
4415
684
358
25
22
1155
891
308
14059
30
288
2077
216
31
71
1364
47
4584
2875
4199
46
47
102
1347
248
98
208
22
6509
280
73
48
143
44
43
255
26
6518
45
21
80
20
311
5535
33
943
685
12
450
101
4232
58
31
20127
437
55
218
264
46
11
23
4
15
2105
78
20
6
601
6
942
29
65
14
2
135
153
6
5
249
4
6
1012
43
12
52
9
9
7
700
298
14
11
14201
108
5
21205
455
18
12
6
13003
9263
2054
21
24
381
3
5
16
298
2081
666
5
26
6
4
599
177
133
35
15
5
54
17
7605
7620
38
149
81
21
19
741
46
4
8
4
8804
1175
20
19
5162
46
967
21
540
839
5
30
748
32
3
1146
108
123
6
3241
1397
29
68
23
12
575
84
5
232
2
3
1439
61
9
5
36
46
59
2
483
356
144
669
8427
3659
108
217
35
154
55
564
47
308
198
349
14
20
431
946
219
1142
23
1393
50
27
457
19517
3479
41
118
689
18
134
1085
470
1099
44
227
13
31
14
933
35
15
12
9
500
6
24
70
216
300
11
90
4
407
12
67
3213
12
88
5
229
1224
758
2
1382
212
978
305
36
580
152
26
30
3670
65
450
9
464
8753
14
39
8
291
344
70
20
2416
264
234
1481
6
1106
567
5
165
169
3
273
16
1159
35
38
458
420
535
43
7
376
335
3
1216
707
63
34
115
21
732
2440
143
95
16
6
46
5
30
768
4
4
21
22
3
1255
38
3290
157
32
78
1254
19
51
44
9
31
8
235
3776
28
10
294
38
48
697
166
5
212
33
22
5
632
20
1114
5067
190
1265
20
55
81
47
207
37
396
43
149
154
29
345
155
73
37
62
22
8
8250
6
9
31
1028
74
17
23
8
654
71
38
344
82
18
17
57
31
349
271
2
403
808
213
388
2
1574
27
30
432
13
5
219
26
184
41
23616
51
6
6
82
6
39
15
38
3
12
26
7904
6385
331
5
16
125
2
22
5
186
549
256
33
6
44
26
29
56
139
35
2205
6
27
9
15
485
23
54
23
3488
5
121
981
98
1628
8
9
13
388
693
40
1779
1196
6
23
4965
84
40
30
105
2501
1113
492
125
16
10
283
46
64
6
995
11
4
10
65
18
1893
12
819
203
61
17788
3108
30
48
3364
951
5
5
7
42
3
104
3
14
82
819
1254
869
181
57
24
4
904
18
8
4
376
16
126
26
16
349
5
4
12
115
35
5
12
97
2
92
36
2
61
89
673
66
26
19
10
3
735
30
2503
20
174
43
25
287
24
20
13
14
2
8
198
1672
392
46
35
9
2
13
2338
83
13
36
293
25
2846
149
7
5
375
2
4
110
22
66
49
5
6
11
2657
28
30
1104
447
18
40
1
3128
37
4978
1142
6
282
165
29
1008
43
281
55
12
43
78
28
444
186
557
890
391
1005
27
11
4938
9
3
6
10
200
17
7
59
17
45
102
36
224
18
57
33
564
8
873
7
14645
3
6086
979
863
6
16
34
4
48
4510
2135
25
1
226
1158
464
1006
5448
939
396
772
1372
30
18
1736
1687
514
21
11
83
551
14
295
88
3858
27
144
44
93
409
49
18
970
1420
34
26
1188
2142
55
186
67
23
8174
26
475
292
57
346
5839
196
1235
47
37
4159
111
2316
73
504
42
22
781
361
3
226
3797
327
8
1095
5
36
2687
168
780
2948
525
67
900
57
136
38
12
1499
94
93
62
43
23
31
2178
8
4
3
105
2
339
106
26
5
174
70
183
8
48
583
13
239
14
3
8
2
4
18
1851
96
48
565
258
15
11
16
25
56
7
0
21
12
110
373
2913
11
36
2
945
254
34
101
19
23
1
0
91
160
1923
326
555
7
2
0
832
10
15
6321
6
11
8
0
3
8
6
126
28
63
37
8
2
5049
51
9
55
23
148
10
40
42
87
5
52
2760
49
0
66
24
22
6
383
12602
1938
1273
3853
5760
33
1789
1316
8911
5790
25282
85
747
3396
5
10600
58
6520
12906
175
8289
1036
4638
964
1637
957
877
62
103
170
43
2553
651
623
717
3
194
574
202
32
58
1219
6
1338
97
80
3411
1964
3772
5575
2661
10
715
45
0
132
6
299
1414
4709
13062
29
101
556
22
261
18
182
7709
44
58
357
6689
4313
3
185
28
314
3
16
34
15
113
158
4694
2317
3
5
26
62
4374
3176
265
7
1084
206
40
2
490
6
12
98
808
1112
80
11
196
6
279
0
717
35
13
74
276
145
6
12
0
7600
19
71
43
0
5
65
144
8
9
24
1192
240
1
2
14
39
11
15
73
19
176
11
0
29
6
4
195
60
10
1072
40
258
203
5
101
190
12
8
263
55
29
1099
120
116
204
3
60
16
3203
177
2571
62
12
3
31
154
441
12
10
82
3414
389
2484
8
12
1
61
385
19
191
1
5
10
18
15
7
24
38
1
8
0
84
6
69
5500
4
57
172
51
233
67
189
175
56
858
4
306
3547
3
0
70
1604
377
410
891
228
28
12338
799
3
485
497
1955
915
7401
1731
1339
6295
408
2206
645
97
348
24
727
12
73
3
16961
35
34
0
54
218
112
399
37
2081
5
26
315
57
13350
249
42
33
77
10
62
281
7
186
33
3862
235
90
14
913
509
300
520
7
19
369
3572
19
25
196
0
21
227
4402
122
0
1159
729
386
4083
74
138
992
1
84
78
600
1805
7
9
792
42
11
308
41
286
0
1507
2100
4607
187
162
6
73
324
223
63
0
1466
373
1414
7
13
347
0
438
2
63
28
57
4
0
25
23
3
0
1
502
0
17
3
104
2
70
3
428
232
10798
8431
6798
248
7
3
4
447
54
2038
599
435
149
648
382
9999
9
170
1082
11
5
435
501
26
2
8
107
11
103
9
17
15
22
12
2379
2
2
0
8
488
31
510
166
9
6
847
809
164
2
1242
7
3
10
20
1505
5
11
1632
2484
351
4
3
1
0
5
8
159
4
171
11
122
27
48
36
10
69
35
19
251
6
0
0
53
301
10
48
14
18
17
4
22
14
106
807
54
9
27
20
174
65
2195
72
4
880
166
243
105
306
88
16
694
86
159
3227
54
765
105
182
1
27
4
132
17
9
27
4
44
12
436
1159
1044
38135
30798
28432
27304
9277
6803
7365
6714
5632
3338
6491
578
171
117
402
81
72
7695
1121
608
1533
111
2380
228
0
279
153
254
53
701
6399
244
1211
17
214
877
30
5084
2146
801
102
456
2905
256
1057
5
720
935
2
277
31
7
7806
1189
157
3266
252
1155
87
7
68
112
33
2980
1354
1818
3653
291
2718
238
128
6
0
1300
3513
276
148
679
136
757
164
57
32
2
4824
3196
4
4327
1497
404
243
1445
2992
1157
326
1342
30
691
353
12
20
261
26
105
15
78
24
7
38
229
648
228
263
263
53
438
34
4037
2229
78451
27177
1034
417
35
4832
3003
582
1722
2487
499
974
248
327
171
126
3519
90
85
4312
17780
1436
15609
3841
6997
382
6291
40
323
73
2599
4034
4105
255
636
2393
237
188
27
485
126
33
47
215
71
1257
11
0
2409
11434
1026
578
10553
841
297
108
441
9
749
1209
511
1233
8
16
1542
531
1391
1276
23
73
367
1188
1065
2420
456
5
351
1938
421
1990
166
50
807
4000
7
82
157
56
62
4
158
15
316
108
482
1138
1858
1024
12
17
1621
1127
12857
1523
1636
1191
690
352
246
4
12136
189
4
3
15
85
14
25
2
449
41
2
7
988
0
5
26
5
1542
67
46
572
214
952
232
13
13
1255
449
72
155
2
14
8
17
2
1620
394
33
34
4
84
0
712
9
1081
486
6
9
0
397
4
15
63
396
24
26
0
78
29
0
1
131
1550
33022
2133
38984
31701
6595
2720
2910
12162
8554
3213
19612
12747
2965
4568
1806
704
78
103
180
29
1
12
0
1
6
92
19
1
4
12
2
1143
6656
1903
122
44
17
477
6
8
994
160
74
147
161
12
1827
375
635
43
10
48
16
29
1838
445
184
69
30
836
7180
140
20
2
61
618
63
598
17
39
11
545
99
59
141
275
24
2346
455
590
69
9
8
365
65
300
73
43
3
12
7
87
11
1
24481
307
1056
706
91
13
2147
2121
924
81
35
9
1597
324
114
206
95
4
1372
867
29
87
17
79
922
2773
229
124
64
2
3137
406
48
213
527
17
2637
95
481
184
427
64
12
2
2443
112
42
887
28
24
250
104
90
47
26
8
278
348
31
31
89
5
5573
1328
313
123
31
5
11302
716
478
77
434
0
3291
58
304
114
0
12765
1346
83
98
40
8
3
78
11
108
43
399
7
446
296
1714
38
46
48
118
7880
824
12
20
5
3
1284
694
45
6
7
4114
750
21
4
553
32
1256
3872
357
23
39
8
3220
727
24
8
56
28
31
25
277
26
111
20
1215
444
976
121
134
39
887
672
89
42
51
47
340
388
125
36
27
6
747
1004
357
116
25
118
1678
522
151
349
33
41
1668
57
41
274
122
20
1000
18
6
152
247
1429
10
157
641
161
33
34
8
1009
637
20
29
37
593
1448
598
1972
131
156
112
1881
402
82
45
75
42
5715
2308
509
970
82
8
2938
3347
504
3899
291
122
1595
1098
437
124
1191
101
33
10
60
258
36
41
75
665
230
216
1131
119
6
8
4
7
1528
37
13
27
10
536
2
4
0
69
17
36
51
18
11
132
14
28
4
4
22
90
400
791
52
362
2
26
416
1
14
26
1
27
7
20
46
2
3
5
2
10
10
8
11
1
33
2
285
92
8
2
2
3
24
0
12
13
4
1
1
0
8
34
8
45
17
7
3
3
14
25
4
13
1
821
63
40
0
16
1
0
5
2
58
14
832
3
31
10
9
200
26
25
1054
2
63
319
5
5
4716
4
19
20
1
6
1
845
1
2
4
0
0
3
31
95
3
9
147
77
8
54
351
3
2
1
10
81
35
0
14
4
2
2
0
51
1
2
34
30
4
1
17
4
3
12
3
1
4
560
225
30
32
16
9
11
11
6
38
26
30
4
8
18
4
3
2
2
0
34
35
40
24
9
21
4
15
28
37
13
8
5
21
8
5
7
37
153
0
2
3
3
0
0
773
55
27
114
56
61
0
13
107
21
26
6
8
34
32
7
9
16
0
10
3
147
7
4
20
30
111
2
17
13
4
16
3
3
0
18
9
2
14
3
31
0
0
163
40
865
0
2
0
6
0
3
2
1
2019
63
0
2
3
1
4
0
4
482
0
0
2
4
0
0
0
57
18
0
2
166
3
0
0
0
11
1
142
9
5
19
13
0
17
0
0
20
2
33
1
18
4
3
5
5
3
2
31
8
8
2
35
6
4
5
3
8
5
5
2
3
28
19
241
176
5
5
8
4
67
5
2
1
11
0
0
0
26
38
2
582
22
37
43
0
1
292
8
0
11
99
25
6
0
181
955
21
34
23
1060
75
33
21
5
8
7
31
4
38
1
596
37
6
7
3
234
1
171
1
6
14
4
92
92
2
20
257
124
81
12
4
182
8
8
2
39
32
22
0
2
0
102
10
33
5
1
0
5
0
0
1
0
0
46
0
67
0
3
0
0
5
1
0
10
0
0
0
0
5
2
2
2
0
5
82
0
694
5
169
6
2
7
4
20
4
5
9
2
2
723
2
4
5
2
5
0
6
33
74
105
20
335
34
46
6
99
13
0
14
80
35
1
0
6
1
2
46
36
51
30
11
338
15
5
24
7
16
3
7
6
1
3
18
1
17
41
47
0
20
13
2
3
2
6
2
3
6
1
2
1
0
71
2
0
34
12
42
12
5
2
0
6
2
1
2
5
12
19
1
97
0
2
8
7
1
0
23
5
1
1
1
1
2
1
1
0
66
417
3
0
1
3
1
2
8
2
3
0
31
261
0
15
0
0
0
7
0
0
0
0
1
0
0
0
5
1
14
0
0
2
0
2
0
4
470
0
8
8
1
57
0
1053
374
7
140
6
121
0
0
0
25
9
8
310
1
6
9
35
10
27
8
12
63
7
9
361
0
9
1
1
7
18
3
0
32
161
6
0
474
86
23
2
0
396
1454
356
72
31
32
103
10
3
4
9
47
23
12
11
7
15
113
27
16
43
14
2
298
25
13
49
15
458
13
32
45
9
9
11
12
1
0
3
1
0
0
1
5
85
0
0
0
0
2
0
2
0
0
0
0
1
0
2
0
1
0
0
3
0
0
2
2
4
36
30
3
2
4
5
1
3
2
2
6
10
5
2
2
16
1
58
1
2
3
3
7
3
3
13
1
0
5
262
1
0
0
3
1
46
5
4
0
0
311
31
65
0
3
2292
8
25
0
3
173
1
5
0
1
0
0
1
0
2
17
0
0
2
0
2
1
2
2
2
1
0
0
0
19
0
333
13
0
4
0
0
0
5
0
0
0
2
0
0
4
177
359
11
1
1163
7
2
457
72
6
6
0
2
0
0
0
2
2
0
0
1
184
0
0
1
2
3
1
863
0
106
0
3
15
1
4
9
29
2
0
0
1989
424
2
222
0
2
1
0
4
13
22
69
20
3
5
4
20
1
32
18
15
1
138
16
33
22
3
31
20
39
98
0
1
2
0
40
3
2
87
0
4
17
1
1
2
11
1
386
1
2
188
1
0
0
3
2
1
1
2
1
680
3
2
1
3
2
1
0
0
1
0
2
0
3
1
1
42
0
0
0
0
0
2
10
12
26
4
55
0
15
0
5
0
0
1
0
0
21
0
491
1
0
0
2
18
1204
0
1
21
56
1
0
18
54
6
3
0
2
4
36
0
0
2
2
7
42
0
0
3
2
3
21
73
91
14788
2
4
29
107
3
0
7
0
5
427
133
0
6
176
0
0
3
3
3
0
18
2
4
3
0
70
0
31
9
309
28
16
167
5
0
0
210
60
9
334
1
376
0
0
2
0
0
1
37
44
6
1
1
0
6
6
2
1
2
0
1
0
35
6
25
3
5
1
4
3
0
5
6
2
1
676
92
5
6
5
21
5
15
7
8
19
164
310
3
2
3
2
2
0
14
2
0
6
1429
4
24
1
2
2
6
1
0
0
2
819
3
3
7
0
3
3
4
10
2
2
2
6
9
3
1556
0
0
0
0
3
0
0
750
0
0
1
0
3
0
4
0
0
3
1691
0
0
2
2
0
0
0
0
0
0
2
0
3
0
0
0
0
0
0
0
0
0
2
0
6
5
20
0
0
0
0
0
0
0
270
22
0
1
0
0
0
2
0
3
0
0
0
0
0
1
71
500
0
1
8
39
3
0
17
0
21
55
20
1
166
0
2
3
29
5
75
1
3
9
29
0
52
0
0
466
108
0
0
0
565
1
0
1
0
0
2
12
2
145
1
2
0
1
0
0
395
3
0
0
0
0
98
22
1
0
11
1
5
13
33
1
0
0
107
1
2
0
21
0
0
0
0
0
712
0
0
0
5
2
5
0
3
12
0
4
0
1
38
2
1
3
354
0
1
0
0
0
0
0
0
1
1
5
0
4
15468
3
6
2
66
10
36
12
0
4
0
0
0
0
0
1
42
549
2
2
0
0
1
4
0
0
0
0
1
0
3
0
21
336
1
2
0
2
0
0
0
94
0
391
1
1
0
1
0
9
0
0
0
0
2
0
0
0
0
35
0
0
0
0
0
0
0
198
0
0
2
0
0
0
0
1
0
0
6
0
0
0
0
3
0
0
0
0
0
0
0
0
682
5
16
9
2
0
0
0
115
0
1433
92
3
0
0
0
0
2
0
2
151
0
4
0
1079
3
3
2
14
5
0
254
0
0
335
5
2
2
0
1087
0
1
0
11
0
8
1
0
0
115
2
0
1
0
0
0
27
0
0
0
0
0
0
0
10
0
0
3
0
29
0
2
0
2
2
0
69
1
2
0
5
0
0
2
1
0
0
2
10
9
1
20
888
21
48
1042
83
5
9
0
1
156
17
13
480
14
5
6
8
3
3
0
160
0
59
26
0
0
0
12
0
5
4
3
3
142
1
0
0
0
0
2
139
189
4
3
13
1
0
3
1
109
0
1
2
8
3
1
2
7
5
5
1
2
1
5
2
1
2
2
5000
530
8
2
24
2
6
3
10
3
2
6081
3
2
2
0
9
8
28
1
0
0
7
1
1
0
0
0
8
1
0
1
6
0
0
1
5
10
0
313
9
9
36
11
0
0
286
2355
71
11
163
6
1
7
42
2
18
49
14
18
211
37
3708
207
1
1
0
10
11
68
151
1
7
21
631
9
1
1
1
1386
4
0
2
8
5
9
0
1
1
34
61
27
0
245
1
9
1
3
66
2474
3
988
5
0
17
17
16
170
2
3
2450
0
0
10
0
0
38
3
11
0
621
36
0
62
1
4
0
0
0
0
0
0
1
1495
25
5
13
1
4
0
10
0
15
0
0
0
0
9
98
6
6
5
4
1
51
0
3
0
0
0
0
0
2
0
0
0
1
0
2
0
1
0
1
0
4
4
0
1
3
3
2
0
0
0
0
1
0
0
0
3
0
5
1
0
0
0
0
0
0
0
0
0
0
0
1
0
0
0
0
0
0
0
0
0
0
0
0
0
1
0
0
0
4
779
73
4
13
2
0
0
0
2
0
3
0
0
0
1
0
0
1
0
1
0
0
0
1
0
0
0
0
0
7
1
3
0
0
2
254
400
235
792
10
2
550
1620
7
27
8
11
10
36
7
15
6
10
3381
4532
2935
1207
1286
1038
1329
621
34
25
887
1
6
163
16
20
3
5
3
13
1
7
1
64
1
1
46
5
2
6
68
5
2
13
2564
80
0
0
0
0
0
3
6
29
0
0
0
0
0
0
0
0
2
2
0
0
541
0
0
0
1
52
204
259
2412
2
1
2835
51
3
6
4
3
2
4
4
2
4
2
2
3
16
1
85
5
1
13
3
1
8
5
0
1
2
0
3
0
4
59
74
78
60
161
34
24
12
6
24
9
11
14
14
79
12
17
8
214
0
31
71
14
6
3
17
33
280
3
3
9
12
4
101
1393
883
676
687
165
46
49
62
24
2067
826
48
65
17
18
20
23
15
14
36
4203
152
229
163
35
20
168
42
31
22
6
1628
521
130
2360
476
33
76
3911
428
1516
404
190
42
17
233
666
1360
24
12
10
12
1685
3670
1539
42
111
20
15
1630
2517
2329
30
73
545
736
95
11
1292
49
289
8516
387
390
31
244
10
15
69
15
985
190
275
15
1249
9
14
5
0
0
0
22
41
70
4
0
210
4
694
365
7
1
2
357
273
2
5
4
130
614
10
4
110
22
50
7
9
5
2
4
7
10
6
5
498
492
4
4
20
21
2
264
19
6
3
25
4
801
12
1
2
1
1
124
3
1
1
2
6
2
1415
0
1264
9
614
4
1
811
1
1
1
1
44
3
1
1
3
1
26
2
6
7
2
3
6
1
9
0
1
1
1
0
0
0
4
0
2
0
0
1
2
0
0
0
0
0
0
0
0
112
0
15
0
1
0
1
0
0
0
0
0
4
0
7
1
2
0
0
0
1
1
1
931
4
4
3
1
2
0
8
3
6
3
1010
7
1
1
14
4
2
1
0
3
2
15
60
29
35
18
1
47
7
29
123
60
38
18
17
19
11
105
8
5
10
11
18
5
14
9
9
15
8
16
17
21
14
7
6
31
18
14
24
23
10
14
0
11
9
2
6
7
7
18
2
24
6
1
23
7
17
13
15
12
7
2
12
20
41
35
13
4
53
44
1
30
14
179
59
10
2
2
9
15
6
16
16
394
12
10
95
24
14
20
39
17
23
20
375
32
5
16
6
62
11
92
15
317
30
14
86
20
33
110
43
25
40
23
12
35
81
33
49
30
25
38
10
12
10
9
14
15
20
57
27
17
6
10
31
22
18
46
61
104
3
14
12
54
30
3
30
25
38
25
14
9
30
16
15
12
40
15
16
10
11
16
24
14
46
18
28
55
20
3
24
19
25
13
15
11
16
19
2141
7
10
6
7
7
4
5
6
9
23
2
34
6
5
22
11
26
12
16
13
9
29
14
28
26
18
9
0
8
3
2
2
7
9
2
10
7
14
7
7
7
48
33
29
8
7
3
8
4
8
19
31
6
17
8
1
0
7
6
4
5
39
15
11
9
0
7
3
5
4
0
9
6
4791
6
14
8
39
12
4
4
9
20
0
4
25
17
0
6
19
48
10
4
4
8
1086
373
0
7
53
102
2
0
0
5
20
1
3
3
51
10
5
4
5
6
15
12
20
11
9
2
8
13
27
2
628
41
5
1
11
15
64
24
13
5
9
23
10
606
26
0
10
68
20
81
21
31
21
6
19
32
204
9
37
39
37
19
6
6
1
16
13
16
98
107
70
28
22
16
41
14
42
49
43
5
100
12
19
12
19
16
80
10
14
5
26
9
9
6
7
42
30
11
20
11
10
11
12
12
61
9
17
359
17
26
22
18
18
48
47
95
139
29
94
93
27
19
49
22
23
82
42
35
11
21
13
0
19
21
41
15
7
36
2
581
14
72
33
0
0
19
278
1
19
10
0
0
2
0
0
0
0
0
0
5
6
3
2
2
14
2
2
38
1
0
0
0
1
0
0
4
0
0
2
11
1
0
0
6
0
0
9
0
13
2
2
0
2
3
0
2
5
0
2
2
2
2
2
0
3
2
4
2
10
3
3
0
1
15
78
1
0
929
385
2
222
15
2
0
1
0
2
0
0
3
2
0
0
0
0
2
2
1
2
0
0
3
0
0
22
12
20
3506
3
11
39
15
0
0
0
16
8
0
4
2
0
23
35
0
746
0
1045
5
3
1
1
3
3
1
1
1
0
19
2
4
2
0
0
0
0
0
0
0
1
1
4
0
0
0
1
0
185
7
0
1
8
0
3
3
1
0
32
0
0
0
0
0
0
282
0
6
0
217
18
4
0
0
0
0
3
0
0
0
0
5
2
0
3
86
0
0
9
0
23
0
0
9
0
4
0
0
7
2
0
1
0
0
0
0
67
0
0
0
39
0
9
4
4
14
653
5
1
108
7
795
10
136
17
29
1
4
1
4
3
1
10
1
20
4
7
7
13
0
0
0
12
5
2
5
5
1
1
0
25
0
0
3
1
0
7
2
0
0
1
2
142
0
2
3
0
1
2721
43
0
0
0
0
0
3
0
4
0
1
1
3
0
0
21
20
3
25
64
0
70
0
0
44
1
19
3
0
1
17
142
5
1
2
1
7
2
4304
2
18
1150
6
1377
10
2
2
88
7
14
114
27
4
7152
7
27
2
5
1
12
0
3
28
4
2
20
37
0
3
5
3
4
2
3
0
0
0
6
0
0
0
0
2
3
13
5
4
0
3
2
3
0
6
0
0
0
0
2
0
0
0
0
1
0
0
0
0
0
0
0
0
9
27
0
0
0
3
0
0
0
2
18
4
0
0
0
15
0
0
1397
2
1
0
0
0
0
0
2
0
1
0
0
1
0
0
1
3
2
2
2
3
0
0
0
3
0
2
0
0
2
0
0
0
0
0
0
17
0
28
0
0
19
1
3
0
0
2
0
0
0
0
0
0
0
1
0
8
3
0
0
0
0
5
2
2
1
2
0
7
68
2
251
15
3
4
142
641
583
232
99
14
894
0
0
0
0
0
1
0
0
0
0
0
28
30
3
8
2
3
2
1
5
12
9
38
13
5
35
20
19
4
0
0
0
17
3
8
0
0
0
8
1
0
0
0
5
0
0
0
0
23
0
0
0
11
7
90
54
56
32
38
31
37
36
4
23
6
2
1
7
213
5
4
0
3
2
0
1
0
74
27547
5
1
1
0
2
0
0
5
0
0
0
3
2
0
0
0
0
0
0
0
2
0
0
0
0
0
0
0
0
0
3
0
0
0
0
0
0
0
83
0
0
0
0
0
16
0
0
3
0
0
0
0
0
0
0
37
52
15
25
50
34
6
2
0
1
3
16
0
0
0
2
2
7
2
0
0
0
10
49
3
0
2
2
0
6
0
0
0
9
0
2
0
0
3
1
1
6
21
37
1
0
0
6
127
12
0
0
3
1
0
3
0
1564
9
0
5
1013
267
143
149
10
32
0
0
28
5
312
183
0
3
8
2
0
0
0
0
0
0
1
0
10
0
0
0
104
0
0
616
74
57
74
1
3
16
7
0
0
0
1
332
0
0
1
0
5
2
0
12
4
0
0
81
3
10
0
2
2
2
2
0
0
1
2
1
0
12
0
0
0
0
5
1
1
0
16
1
0
15
5165
6
2
1
0
3549
3650
5316
899
594
1440
562
69
238
13684
161
1296
1260
0
17
8
28
7
34
1
44
0
0
0
0
0
0
1
89
101
26
13
13
399
7
4
2
18
2
0
2
0
6
19
0
19
17
1
113
2
2
2
168
6
1
4
0
1
176
13
9
7
4
3
8
0
8
0
0
23
2
10
17
0
3
3
6
0
0
4
0
0
3
2
0
3
2
5
13
3
0
0
0
941
9
0
2
0
0
9
2
2
3
2
0
0
0
29
75
1
0
0
4
79
0
1
13
0
14
2
0
0
5
2
2
3
6
29
1
2
2
0
3
3
7
2
0
2
13
4
2
0
2
1
1
7
2
11
0
3
2
0
4
0
6
0
0
0
0
0
0
0
448
27
19
2
55
11
0
18
4
0
4
12
9
2
1870
10
17
5
90
41
6
3
0
0
460
0
0
0
0
35
2
10
7
3
12
156
3
34
0
0
3
162
9
7
13
6
25
27
5
1
7
12
81
65
69
26
7
20
7
0
395
0
1
0
1
0
0
0
0
1
21
0
0
17
18
0
23
10
0
1
0
2
41
18
8
1
4
3
0
0
3
2
14
3
0
4
5
0
4
4
9
3
19
2
1
4
3
0
4
24
77
59
36
103
212
14
6
8
2
6
10
5
11
0
10
20
0
3
5
5
4
8
0
7
4
10
2
12
7
132
0
9
2
4
3
0
3
0
0
0
0
0
0
3
0
13
24
14
2
0
2
0
3
0
0
0
3
2
5
3
2
0
0
0
2
0
2
3
2
2
4
3
2
0
0
3
0
50
3
2
9
2
6
3
32
0
2
23
8
22
2
0
2
7
4
0
3
4
2
5
3
0
2
5
9
0
0
5
0
5
25
28
24
0
19
0
0
24
2
30
12
0
11
8
8
8
1
112
45
0
1
0
0
4
2
3
10
3
0
2
2
12
4
8
28
10
10
34
3
12
2
5
13
8
17
3
15
8
7
2
12
17
0
0
44
6
0
2
1
0
4
0
0
5
5
5
5
0
1
0
0
5
4
0
13
15
0
14
1
0
2
9
15
3
0
0
19
3
0
12
10
10
0
22
21
17
20
11
15
3
6
13
2
6
0
5
74
13
33
15
0
1
10
12
13
8
15
28
41
46
18
2
141
11
9
9
8
43
11
0
8
9
28
13
12
14
8
3
10
10
12
25
0
6
12
13
37
3
34
21
11
2
4
2
15
5
5
6
16
16
22
17
6
0
5
9
5
12
23
3
6
5
10
6
10
6
1224
20
11
0
0
0
0
0
3
0
1
3
0
0
0
0
27400
571
1
58
197
17
4
3
4
7
5
3
4
3
4
0
4
12
9
13
4
5
16
5
9
0
0
1
0
0
2
0
4
3
0
0
0
0
0
0
0
0
0
4
0
0
1
0
2
0
7
0
0
0
2
1
0
3
5
0
4
4
825
86
1419
152
92
12
68
15
19
17
53
20
2
26
0
34
36
13
1
0
75
53
328
477
73
36
427
322
33
34
33
0
258
117
97
57
31
0
180
0
0
0
517
79
165
0
0
81
0
0
0
14
8
163
0
3
22
20
0
0
0
2
0
254
67
0
0
0
0
0
0
0
40
0
0
71
0
0
0
0
607
0
0
0
0
0
0
0
0
14058
6
0
0
0
0
0
8
0
0
0
0
0
0
16
9
619
16
26
102
8
2201
688
321
258
1155
336
45
532
47
0
22
0
0
280
0
0
0
0
7
0
0
0
0
0
0
0
143
457
47
829
96
385
15596
20
21
417
0
0
0
3658
4392
9
0
141
0
0
0
48
0
170
0
0
0
0
0
0
0
109
0
0
0
0
0
0
0
0
169
495
0
0
0
0
0
0
0
0
0
0
0
0
0
0
0
0
0
0
11
0
0
0
0
0
0
0
0
1188
146
62
86
75
268
98
22
1947
2591
1828
0
0
0
0
0
0
960
624
18184
21
4
1
2
1
0
3
0
0
9
0
0
0
0
0
17
2
2
0
2
0
2
0
0
0
0
0
0
8
0
0
0
0
0
0
0
0
0
6
0
0
1
0
0
7
1
1
2
33
4
3
1
3
1
12
2
49
29
0
2
0
0
0
12
203
0
0
0
0
12
2
812
0
0
0
134
5
269
83
72
1369
15
469
8
2
1
7
10
76
16
12
1
0
0
2
0
2
0
0
0
0
297
12
11
47
9
2
2
4
1
0
13
711
31
34
847
45
73
814
28
4
11
3
721
205
436
5573
3239
94
120
5
2
2
3
2
3
17
18
17
0
44
0
12
17
6
58
44
12
6
30
2
37
24
20
12
0
7
10
17
56
47
63
66
52
159
0
6
14
1103
111
42
30
37
36
8
1
8
0
0
48
7
0
1
33
12
0
24
0
13
2067
41
135
56
53
17
473
87
567
2124
37
121
1155
50
9
7
12
46
23
97
15
22
6
191
23
25
86
45
51
341
8
25
13
20
0
4
5
4
5
3
47
14
184
275
6
24
2
34
26
20
332
121
19
37
252
15
1590
130
13
1191
585
1
3
0
0
0
0
0
0
0
0
0
3
0
0
0
0
2
2
0
0
0
10
13
8
3
3
1
1
1
1
3
16
110
111
279
312
7
750
4
4
1
6
4
3
6
6
26
72
309
4
4
154
21
103
28
6
2
44
9
7
15
6
0
6
13
6
1255
0
86
0
0
288
7367
0
471
188
9893
3621
1
116
586
357
297
108
2
12
29
17
6
6
48
4
17
7
2
15
3
8
15
103
97
8
17
102
70
1015
34
33
11
27987
1
5
433
10
8
3
67
1563
2350
5
9
1
1
45
8
5
5
2
992
278
153
232
177
43
7
15
158
11
140
18
15
55
10
3
8
8
11
616
70
6
19
28
2
0
21
12
16
668
23
18
18
1063
9
2
34
1
23
5
101
50
11
1
8
1
1
0
4
3
20
9
60
12
35
21
31
10
307
808
230
8
12
2
3
2
216
2
9
12
5
4
18
9
11
3
10
8
19
8
3
33
10
8
6
7
2
10
4
3
0
6
1076
17
94
2436
36
5
94
10
20
12
27
1
43
88
0
1294
281
120
34
31
6
35
4
43
10
33
21
9
0
25
16
15
15
16
23
15
34
12
19
36
5
11
15
3434
2809
2687
1817
1102
806
1024
674
475
126
7153
48
39
30
18
14
9
0
0
0
0
0
0
0
0
0
0
0
2
3
2
3
24
147
40
2
3
2
3
66
1
0
11
0
1
0
1
0
0
0
0
30
0
218
3
8
3
1
1
1
13
0
12
24
4
6
52
5
1
12
11
3
161
93
25
2
1
5
0
0
2
170
1
164
54
220
7
17
2
3
0
2
1
0
0
0
0
9
9
2
9
5
0
8
6
7
0
0
24
36
16
61
34
11
68
82
16
18
9
33
19
15
23
40
31
0
1409
524
2464
89
85
411
6
4
24
63
10
77
37
451
54
48
56
72
17
4
3
38
1
5
0
0
2
1
2
0
164
2
2
0
0
0
2
0
2
0
0
0
2
0
4
0
419
34
18
2
54
33
23
16
30
794
209
72
2089
148
34
9
15
1
15
24
20
11
18
6
43
19
13
27
121
4127
3
10
4
20
11
4
20
9
16
12
9
16
15209
325
107
14
47
4
31
24
22
20
31
8
9
14
16
14
3
32
5
24
0
37
0
13
3
2
10
42
152
32
58
44
25
27
26
36
10
3
2
0
0
0
0
2
7
170
3
2
895
41
11
8
12
12
2017
1328
1450
45
49
18
48
0
27
12
11
56
8
31
18
15
3
8
20
27
1
0
0
0
0
0
0
0
1
0
1
0
0
0
0
1
0
1
3195
1502
1093
1697
313
2595
1256
2620
558
960
323
2602
3974
26926
592
521
79
60
65
1143
488
48
66
84
3
352
2
1
2
2
2
828
767
36
1841
56
1698
782
224
1205
324
44
29
33
6
60
0
4
12
6
49
2
41
10
5
13
7682
573
551
1351
399
231
333
58
333
40
3
26
100
160
6
172
164
19
3
31
47
14
269
82
24
236
24
63
2
8
30
29
449
4
24
3
46
13
10
2
30
1
0
0
0
0
4
0
0
15
33
0
8
4
26
2
7
0
0
3
4
5
7
1
7
4
5
1
2
73
21
50
12
14
10
36
5
48
29
15
75
89
48
17
15
30
22
8
21
1
2
7
33
5
1
5
10
29
2
12
38
2
3
25
18
3
4
26
2
6
33
29
42
20
12
9
5
38
5
22
9
23
28
12
2
16
2
6
38
8
10
11
11
1
222
0
23
2
2
3
3
0
0
3
0
50
19
17
7
11
7
17
17
23
5
7
35
93
15
776
8
0
0
80
6
4
7
8
0
720
447
34
535
186
184
153
247
40
17
79
29146
105
47
4
194
20
41
9
32
4
8
9
10
8
0
8
0
2943
0
0
4980
0
429
67
19
97
0
0
1
3
0
54
2
108
59
6
3
17
102
2
88
372
149
955
14
89
27
15
5
65
11
52
4
17
10
10
16
9
18
9
38
10
21
9
19
8
10
9
5
12
18
14
14
121
29
37
20
1
39
55
16
15
46
0
3
0
1
6
9
39
46
29
122
9
29
30
128
28
37
27
130
30
24
66
15
9
15
72
823
125
62
78
47
12
152
401
36
11
5
13
135
31
20
20
13
8
14
1
12
8
11
14
27
29
20
27
5
20
1368
290
93
2
100
2
11
6
40
28
4
0
6
13
0
15
361
23
446
86
8
11
8
20
28
2
2
8
0
3112
14
10
7
4
20
0
6
4
1
1
7
2
25
25
19
11
16
5
0
25
6
8
6
10
5
3
23
12
7
8
31
8
87
21
24
11
12
15
58
96
47
35
169
61
192
89
102
22
11
5
20
5
15
6
0
4
1
2
29
22
17
29
41
22
57
44
52
93
10
11
6
9
9
6
7
6
3
6
8
2
0
8
5
2
2
13
3
251
3726
10
9
130
22
6
5
2078
371
567
55
419
16
264
73
80
24
28
32383
39
34
17
36
33
24
40
4
19
66
11
10
15
3
8
3
6
59
9
18
23
16
4
35
2
48
34
10
71
44
60
117
85
45
13
15
17
20
3076
81
23
19
7
11
30
26
14
60
887
841
27
13
31
1482
62
643
59
56
0
14
18
15
19
11
70
6
47
24
21
33
5
16
23
61
35
3
12
5053
3810
7905
988
1763
216
421
1455
177
64
2062
6797
15532
976
928
709
1341
4552
7077
2807
24038
5676
4783
3554
1832
1595
914
3837
3608
1336
517
18364
957
665
0
2836
739
1523
463
884
230
65
380
63
33
480
11101
12502
61
69
38
24
34
14
14
28
20
50
18
25
12
96
4
3
9
5
535
389
5425
2219
2749
31914
3229
23410
7836
683
594
21
23
39
72
20
142
132
33
27
94
3732
12
31
193
11
73
80
16
11
84
12
22
17
30
7
14
19
8
7
17
20
24
9
2
4
6
15
35
28
10
26
26
62
22
31
27
46
2363
279
291
258
288
274
262
171
158
245
244
349
171
181
220
197
3550
1130
23
242
25644
39346
2243
8311
11313
8913
8765
7466
26
11
19
40
39
2
34
4
15
10
21
8
13
6
5
5
21
4474
3275
2170
4619
31
73
57
215
16
44
182
105
38
2445
35
825
2626
3285
7990
2139
3594
3216
288
582
1909
1238
352
33030
1868
612
122
5
1195
6440
2785
1050
52
241
35
19
27
43
5
261
2
1
1
2
1
1
7250
7088
1190
613
215
2
3
8
0
31
9
0
1
86
77
0
0
61
36
18
32
8
7
0
0
102
7580
6727
2284
6090
5507
9718
10699
3807
5379
46
7220
711
32
2051
12
1275
10
38
3
4056
842
922
14
711
4
10
1
6
1
6
2
9
3
12
5
44
2
40
23
24
18
15
22
14
458
17
57
197
22
17
132
817
4
34
32
18
3
513
12
5
7
24
274
0
150
10
15
2
7
18
41
7
14
9
20
42
134
5
18
10
1
11
2
3
86
9
11
432
2
8
6
0
4
50
0
1
5
1
12
0
4
1
30
0
9
5
2
2
0
5
2
8
5
0
18
4
2
8
0
2
3
3
4
495
6
13
2
8
3
15
0
3
613
11
24
7
7
5
4
8
14
10
15
8
62
9
19
9
9
10
5
1
12
6
25
2
33
6
5
1
4
10
11
11
3
1
29
3
1
1
3
7
0
0
1
15
1
9
7
10
16
10
16
1
0
1
0
10
0
0
15
0
0
0
0
4
0
0
0
12
4
14
17
8
10
19
20
25
84
3
0
0
1
1
7
6
5
146
1300
23
9
87
30
19
10
20
0
0
3
304
243
2955
339
403
156
135
53
46
1518
4
29
9
13
3
83
23
21
30
29
50
13
4
0
0
2
0
0
0
0
4
10
14
0
4
241
19
4
7
6
16
6
189
388
6
7
8
3
6
3
9
179
4
0
8
704
52
3
2
1
5
23
3
59
16
5
12
5
5
7
2203
20
238
36
1
31
23
1
0
0
2345
1363
783
626
5
0
0
874
534
48
57
1
33
17
2
21
30
1
3
7
2
1
10
5
8671
872
1616
293
8780
3470
422
183
173
461
270
85
4
10
4
50
5
8
0
5
11
0
15
6
69
30
3
0
5
3
8
0
4
1
1
4
2
1
1469
2490
159
132
1123
153
156
663
11
16
86
7
9
8
107
4
9
10
0
3
12
7
1
18
9
31
2
2
0
32
23
22
17
17
4
8
20
5
22
5
19
546
199
9
16
18
8
3
0
6
8
14
11
0
3
13
246
0
376
9
911
56
46
39
713
834
38
541
878
2048
370
479
509
29
26
10
0
1
1
2
6
2
0
1
6
89
13
41
16
37
3
17
6
3
113
3
8
10
9
306
0
6
6
25
29
19
12
20
18
12
18
11
262
11
11
9
5
0
26
4
1288
270
2002
138
198
454
97
208
121
83
99
560
28
165
221
31
42
31
765
1548
188
233
30
316
161
182
74
32
343
940
35
39
22
37
46
3
15
6
13
34
78
11
13
9
12
39
7
8
28
35
22
45
70
14
14
11
54
32
0
54
19
18
2
17
12
7
44
7
15
12
13
8
17
11
8
5
11
6
38
23
412
8
2
4
2
2
8
0
11
0
3
421
5
5632
3879
2607
4497
16517
3399
3416
2731
524
3577
1855
49
99
80
54
38
61
12
30
38
81
5
19
9
115
48
22
34
22
23
44
14
15
12
17
4
13
149
29
514
170
16
26
63
89
42
10
1
2
5
3
4
0
0
3
0
1
7
26551
20875
21689
21002
4726
4060
8101
2984
13830
9591
2992
3558
8
6
8
6
8
43
15
7
8
27
14
20
4
23
12
9
73
33
29
17
17
9
26
3
11
5
7
2346
60
40
31
37
0
0
1
22
20
16
6
1
25
287
44
25
14
27
8
327
1295
461
197
0
17
153
50
47
27
30
10
34
18
47
2
5
66
13
9
11
45
263
29
7
0
5
18
8
9
25
149
34
210
323
23
3
217
1599
2
0
80
8
0
0
1
0
0
1
0
0
0
15
3
3
10
12
5
8
6
0
8
13
7
3
6
5
4
9
4
15
8
10
14
6
19
11
8
5
1
11
3
5
63
9
4
10
4
3558
87
128
46
48
37
153
88
39
51
70
8
2
166
129
11
52
2
84
37
34
325
17
4
4
6
4
4
53
68
8
16
13
2
7
23
31
16
37
2241
54
26
22
21
14
5
19
687
18
1408
136
16
22
0
11
9
6
13
10
23
3862
1496
1060
1670
257
568
906
163
153
71
102
20
127
48
34
25
19
6
61
25
65
51
97
85
1468
328
85
127
194
166
50
62
56
36
100
67
51
22
7
0
20
26
5
85
32
22
8
10
19
47
22
37
25
39
48
58
29
105
77
75
25
41
49
94
13
38
109
0
21
23
39
131
127
1685
183
11
251
131
38
162
29
12
76
125
292
84
73
14
13
19
18
16
0
0
5
6
4
4
3
3
5
3
1
1
1
1
1
1
0
0
1
1
2
1
0
0
0
0
0
0
0
0
3
7
1
0
6
8
3
3
6
7
4
6
18
19
11
14
14
90
49
62
80
233
86
10589
157
562
1432
55
71
40
5027
282
8
49
73
26
21
83
15
24
20
15
16
8
3
26
58
13
14
2
2
7
5
1
1
2
3
0
0
3
4
3
3
2
4
3
3
2
3
11
11
4
5
8
14
4
4
9
10
7
6
8
7
14
8
10
9
4
4
5
16
16
17
17
9
6
38
39
17
16
23
19
13
9
140
11
12
11
6
8
6
6
2
3
6
6
4
4
1
1
1
1
1
1
2
1
6
4
2
2
2
2
2
2
4
3
3
1
64
48
0
0
0
0
3
3
3
3
0
0
6
9
0
0
0
0
3
3
3
3
0
0
0
0
12
10
7
8
4
3
1
0
5
5
1
1
0
0
2
2
2
0
0
0
4
4
4
4
21
20
20
8
6
11
11
19
18
3
3
3
3
10
11
6
0
9
7
23
25
18
17
3
3
3
3
18
23
12
13
14
0
0
2
5
0
0
0
0
0
0
0
0
0
0
1
1
0
0
2
3
1
1
2
2
0
0
2
2
0
0
0
0
3
3
1
0
0
0
3
4
3
3
0
0
11
11
10
11
14
14
10
9
13
11
11
10
13
13
5
3
5
5
77
43
12
0
0
0
0
0
0
0
0
0
0
0
0
0
0
0
0
0
0
2
2
0
0
0
0
0
0
3
3
1
2
1
1
2
2
7
5
0
0
1
1
1
1
0
0
203
9
11
13
13
5
4
7
7
1
0
0
0
1
1
5
2
2
2
0
0
0
0
0
0
3
1
1
1
33
68
0
0
2
0
2
0
51
39
6
3
11
11
4
2
2
2
1
0
0
0
0
0
3
1
1
3
4
4
0
0
0
0
0
0
0
0
0
0
0
0
0
0
0
0
0
0
0
0
0
0
0
0
3
3
1
1
1
1
1
1
2
2
0
0
1
0
2
2
2
3
0
0
3
3
0
0
0
0
11
12
8
9
14
13
21
29
48
50
5
7
5
5
5
6
53
42
4
4
4
8
6
6
4
4
4
5
7
7
6
7
10
10
0
0
0
0
0
0
0
0
0
0
0
0
3
4
0
0
0
0
0
0
1
1
2
2
8
3
0
0
5
6
2
2
0
0
7
8
0
0
2
1
3
3
3
3
6
3
13
13
10
11
9
9
61
58
7
7
9
8
0
0
19
17
220
77
20
20
1
1
1
1
0
0
3
4
0
0
0
0
1
1
0
0
2
2
0
0
12
16
1
1
3
4
1
2
5
7
14
11
18
19
1
1
5
4
0
0
3
3
1
1
0
0
15
16
12
13
23
25
3
20
0
0
3
2
0
0
1
5
1
1
0
0
0
0
0
0
1
1
0
0
1
1
0
0
1
1
0
0
2
1
0
0
2
2
4
5
14
18
3
3
14
17
7
6
7
6
3
3
4
5
4
6
7
10
6
7
22
22
8
3
63
60
6
7
39
39
23
22
21
20
6
10
37
34
993
65
15
49
19
28
28
37
70
4
4
52
17
5
34
4
24
235
534
64
133
275
188
518
60
108
120
20
53
234
8
18
5
64
0
9
7
24
27
2
721
388
598
202
352
129
233
248
181
224
370
575
1816
847
334
164
7
128
380
39
19
3
6
13
20
11
5
6
5
5
12
4
15
5
9
996
4
3
0
14
3
0
0
4
18
21
2
18
3
4
25
10
17
4
2
679
109
65
186
299
0
304
184
212
174
416
164
158
361
26
187
120
1484
472
50
12
15
7
21
19
8
40
11
4
69
899
89
56
10
278
4
215
166
73
24
46
15
24
40
11
20
15
3
6
6
7
238
50
109
28
1
46
54
77
38
15
21
31
9
28
16
15
15
11
216
16
66
52
41
23
47
129
19
54
26
42
36
6
3
88
109
46
9
12
29
17
32
56
29
6
57
101
40
114
54
16
9
4
9
20
4
7
18
11
11
37
41
22
0
13
32
12
9
6
3
12
32
3
8
11
9
25
4
33
1
5
15
25
81
155
78
36
14
7
9
12
13
6
12
38
22
65
34
29
5
14
10
14
10
1
3
20
9
84
26
100
164
2
4
26
6
2
43
32
6
10
4
16
23
1
23
38
6
57
0
320
56
1
2
23
1
28
42
619
5
5
9
3
7
15
6
12
7
3
26
7
6
0
0
0
9
3
3
0
8
0
8
6
5
1
23
5
4
6
5
17
9
3
18
9
5
6
61
13
21
0
0
12
10
5
4
5
5
109
9
21
20
35
5
7
9
5
8
6
4
24
3
5
1
14
0
4
3
10
10
7
9
9
7
9
9
17
10
9
196
0
282
134
29
23
18
7
36
27
8
14
5
142
20
80
35
205
78
32
294
81
21
51
186
79
11
44
191
13
77
81
13
29
33
32
39
34
13
45
41
33
29
77
168
227
15
844
308
50
105
41
134
31
142
311
100
18
18
7
19
4
9
7
11
4
7
23
3
12
13
5
26
18
17
123
29
129
79
24
99
20
173
10
29
88
18
16
12
11
4
2
100
10
5
4
4
67
56
74
116
174
74
59
80
92
27
21
9
4
139
459
190
44
80
73
146
2220
10
44
60
31
35
36
6
49
196
211
24
26
18
50
8
33
61
6
73
86
63
94
133
227
8
8
94
62
128
19
7
71
70
128
10
771
19
38
30
25
36
16
5
3
0
4
47
5
13
11
3
1
45
8
6
123
11
6
1407
1290
923
166
752
785
446
38
392
209
161
454
98
39
81
47
91
32
34
60
19
7
125
27
20
833
104
3
175
10
121
1
9
646
454
790
0
3
5
25
5
4
8
43
61
33
22
20
17
22
18
27
87
14
22
17
13
18
38
15
31
60
2
37
12
2
19
10
2
2
3
3
5
2
2
6
2
32
8
17
12
8
19
13
12
16
7
8
8
7
5
15
128
2
1
0
4
285
955
66
29
32
35
29
9
16
15
21
8
6
519
218
144
580
616
144
405
379
256
445
576
89
275
278
176
9
2
0
22
1
56
3
13
11
8
5
3
3
12
10
3
8
0
10
6
28
0
20
49
3
7
2
7
3
5
2
11
0
6845
650
5592
6
27
28
26
23
8
17
12
22
23
18
28
27
10
31
6
7
20
18
2
12
15
27
156
37
25
16
14
4
1
1
1
1
0
0
3
0
1
1
1
1
12
37
89
142
72
3
12
266
139
93
28
38
9
8
42
24
8
11
4
5
4
6
7
4
5
10
5
3
9
50
4
2
7
9
328
137
20
3
12
11
51
144
69
77
277
122
1661
47
21
16
40
58
46
19
25
11
8
375
129
0
0
0
737
0
677
0
75
0
11
2
26
16
46
43
0
0
0
6
0
0
0
0
0
0
7
1
0
0
0
0
0
0
1
0
4
0
0
19
0
0
0
3
0
0
0
2
0
4
1
1
0
0
0
0
1
2
0
1
0
0
28
9
7
7
8
9
9
9
6
4
0
0
1
0
0
0
0
0
2
0
0
0
2
1
0
0
0
3
0
0
0
0
2
0
0
0
0
0
0
0
0
7
0
0
1
0
0
0
2
0
0
0
0
0
3
0
0
1
0
0
0
1
0
0
0
0
0
2
0
0
0
0
1
0
0
587
645
216
674
309
202
21
76
68
120
27
24
24
154
21
80
8
3
12
146
38
35
15
3
4
25
5
95
2
6
24
5
2
6
43
12
18
0
0
14
2
7
13
56
0
8
13
1
22
18
11
4
49
19
863
3
24
3
6
477
33
13
1
2
2
1
1
0
2
2
1
4
2
85
57
38
35
22
12
12
25
0
1
0
23
2
0
0
0
5
0
0
0
0
0
2
0
0
0
0
0
0
0
0
0
0
0
0
2
0
3
0
0
0
0
0
3
0
0
1
5
0
0
0
0
0
0
0
0
4
4
0
1
4
4
2
0
0
0
2
0
0
0
1
0
0
0
3
0
0
1
0
0
3
0
0
21
11
8
14
19
3
14
22
10
14
3
4
234
17
6
13
11
13
14
13
12
10
7
76
14
3
10
2
6
0
16
0
3
5
25
16
12
12
11
27
10
21
5
3
24
982
255
195
245
339
186
47
174
218
385
146
270
112
1371
0
37
2
0
1
1
2
0
1
4
2
30
31
15
19
15
21
6
22
25
4
25
20
13
17
49
29
21
4
5
2
31
13
18
8
15
21
1
22
0
9
17
8
10
10
12
10
5
9
4
9
6
5
6
9
0
5
4
7
10
196
46
50
82
23
7
13
17
14
11
11
60
32
14
5
63
17
8
10
16
11
5
13
17
4
5
10
927
906
29
11
10
23
16
13
5
24
24
19
5
3
1
0
0
3
3
3
1
3
8
35
82
0
0
0
0
1
2
6
2
3
2
2
1
1
2
2
0
1
0
0
1
0
2
0
1
1
1
0
0
1
1
2
0
2
0
0
0
2
0
0
0
1
0
0
0
0
4
0
0
0
0
0
0
0
0
0
0
2
0
0
0
0
0
0
0
0
0
0
0
2
0
0
2
3
1
0
2
0
0
0
0
0
0
0
0
0
0
0
0
0
0
0
0
0
2
6
0
27
44
18
79
68
45
130
91
87
102
76
121
8
18
0
4
24
20
76
42
24
12
6
9
12
8
5
7
2
2
29
12
0
3
0
8
5
3
12
0
35
2
11
9
6
50
21
31
0
8
6
138
52
42
34
86
23
32
42
13
16
254
1234
5
22
14
6
29
19
11
8
41
8
1
139
2
28
145
5
12
62
26
34
11
53
11
26
17
18
2
13
0
11
40
8
6
5
3
12
2
104
12
10
127
80
7
5
17
0
5
5
6
15
19
4
18
4
12
2
19
29
19
33
79
36
31
10
10
10
5
2
2
3
0
0
0
2
2
2
2
0
0
0
0
3
4
1
0
0
0
6
5
1
1
0
0
0
0
4
4
4
5
3
2
1
0
18
26
10
10
6
13
9
9
0
0
4
5
2
2
0
0
0
0
4
4
5
3
1
0
0
16
16
14
13
4
1
4
1
13
11
0
0
0
0
55
57
11
11
9
7
38
41
27
25
11
11
149
164
52
66
0
0
11
6
24
7
329
3
0
30
169
4
28
6
25
35
3
8
11
16
492
288
1
6
64
22
62
30
24
2
0
10
20
13
28
17
11
12
7
9
372
114
96
135
170
419
178
90
112
69
11
0
160
441
15
65
29
980
729
186
96
36
13
17
39
75
41
79
70
50
70
77
55
45
32
25
92
90
66
153
187
101
489
229
301
249
80
79
20
19
10
147
15
7
5
3
5
4
6
7
13
10
664
90
799
875
543
261
131
450
543
191
129
34
5282
5734
8965
9134
6614
29
179
12
5
10
21
32
2
4
5
0
28
3
186
7
8
3
13
30
16
7
41
34
71
60
27
111
101
52
2
13
34
2
0
3
9
3
79
39
22
23
73
19
14
6
6
7
210
71
84
90
24
108
156
7
25
23
178
127
303
77
134
55
118
570
270
191
81
90
45
63
106
14
94
107
260
1220
721
169
311
212
52
37
94
62
49
46
182
197
148
125
55
63
9
29
35
41
38
6
6
186
189
28
32
47
39
274
214
410
126
103
10
71
94
606
192
113
245
519
167
214
172
73
127
84
11
98
8
5
19
38
28
16
8
5
23
0
10
11
1704
371
437
232
240
353
281
499
108
154
266
803
63
119
544
194
98
35
33
55
172
65
112
53
26
54
239
85
20
13
17
36
33
5
9
4
2
0
2
2
0
730
1382
176
272
59
51
18
10
12
23
43
32
31
335
284
130
86
119
35
204
485
182
125
223
458
110
208
281
366
78
771
168
474
654
530
285
200
85
33
23
131
22
23
38
57
14
8
27
12
12
296
4
109
7
92
10
5
447
453
4
11
1
2
2
12
48
6
9
11
3
3
6
0
4
2
2
2
1
1
1
0
5
8
2
8
3
39
13
6
5
155
14
77
85
73
87
43
42
44
2
0
39
42
18
22
14
2
29
29
22
13
20
16
31
32
14
14
12
4
29
35
9
6
0
0
1
0
4
4
0
0
11
12
0
0
2
4
1
1
0
1
0
0
0
0
0
53
78
2
10
122
15
76
10
4
9
271
3
20
15
31
2
3
42
40
9
9
508
428
134
69
626
515
94
92
0
0
0
3
4
5
2
16
0
1
35
22
3
5
1
2
1
6044
5954
3434
4100
5
5
8
6
7
67
31
2
11
0
0
36
99
27
35
41
425
454
126
336
241
273
291
439
383
1205
212
719
265
66
305
533
228
108
173
234
152
40
59
34
15
17
481
40
0
65
58
149
69
86
85
58
81
14
30
105
42
131
32
48
207
583
31
161
30
61
49
18
85
26
55
51
44
0
18
19
15
3
5
1
1
2
2
1
8
6
5
4
4
2
3
6
3
11
0
9
15
17
21
10
0
7
14
5
3
0
0
333
26
4
27
5
38
25
25
48
18
12
22
2
20
24
17
4
14
6
12
10
1
15
3
8
16
9
5
5
4
4
3
6
1
2
6
8
3
2
0
0
2
3
2
7
4
1
4
12
1
0
6
1
7
11
0
14
9
7
39
11
12
6
3
0
3
3
3
0
0
3
20
3
3
1
3
1
3
0
7
30
17
4
6
2
3
6
25
19
14
10
8
35
6
7
17
9
0
51
2
4
2
4
1
55
3
17
6
10
6
16
7
11
11
1
32
10
27
16
14
17
31
78
0
0
3
0
3
22
2
15
34
21
11
1
11
6
7
8
16
4
13
13
8
2
2
3
3
2
3
0
10
2
2
4
14
1
3
2
2
0
2
1
1
0
0
4
6
4
1
3
1
3
2
1
4
3
6
64
8
13
21
8
8
45
2
1
0
2
1
0
0
0
0
0
0
1
3
2
2
0
0
2
7
8
1
2
1
15
1
1
2
0
15
2
1
0
0
4
0
0
0
2
0
8
0
18
0
4
0
0
0
326
53
39
33
58
20
83
53
40
26
16
18
12
2
11
9
2
8
20
8
3
2
2
3
2
2
17
7
2
8
0
18
14
16
6
33
9
12
30
19
69
3
6
6
8
4
4
21
3
4
8
13
11
7
5
17
4
5
8
4
5
22
12
1
2
4
1
0
3
3
0
22
18
32
9
30
12
85
242
21
8
22
12
36
75
43
7
42
81
56
30
26
22
6
192
47
17
16
2
8
8
6
3
19
8
5
51
14
1
1
2
1
2
5
0
1
0
481
106
589
42
44
4
13
5
2
21
17
8
5
5
3
25
19
18
13
5
3
18
7
1
1
1
2
1
2
0
3
7
2
3
3
4
15
0
3
5
6
4
6
6
0
6
15
10
8
0
2
8
6
7
0
4
1
0
0
10
14
6
4
7
15
30
0
5
26
7
1
4
3
1
3
8
8
4
7
8
1
2
8
1
1
12
0
1
246
0
3
1
2
31
1
2
2
0
38
1
3
1
2
30
12
39
61
82
120
107
61
72
135
96
75
3
1
2
0
0
0
0
0
87
31
17
11
9
9
75
54
78
198
14
26
617
48
23
215
52
65
10
22
26
6
12
6
0
3
24
389
60
33
26
27
15
17
74
90
72
73
33
39
36
39
84
74
22
11
20
5
11
6
16
8
18
4
6
14
15
10
14
12
10
8
7
11
6
7
1
1
0
0
0
0
0
237
6
339
168
67
12112
106
60
21
12
8
210
185
68
63
60
35
22
221
10
8
12
35
29
33
36
113
41
55
110
62
29
10
3
4
3
11
7
7
96
74
46
76
47
70
100
107
71
105
333
15
18
2
13
1
17
6
19
4
7
7
40
2
26
3
3
3
4
4
1
3
0
3
1
3
356
7
0
2
87
90
118
14
483
21
11
79
215
236
87
34
920
12
500
92
79
53
38
26
2194
1659
1447
1295
200
1186
1070
1018
970
344
32
25
305
243
963
686
660
655
876
269
95
99
110
31
94
50
60
3
27
161
37
1139
77
7
3941
3979
3462
5483
52
716
18
3
6
2
1
3
3
7
3
0
6
106
108
121
11
6
20
2
118
101
61
82
105
94
43
31
31
23
87
27
648
105
65
137
83
70
170
256
443
87
218
39
46
89
1038
258
152
225
9
12
231
724
4
8
8
7
63
20
43
76
37
28
90
37
30
26
23
31
27
22
79
74
13
48
44
16
13
7
14
44
113
20
82
34
44
43
47
24
84
152
703
681
88
89
446
16
317
223
150
144
79
175
373
1
3
1
1
0
0
0
0
0
2192
217
58
105
37
34
53
114
161
61
90
411
338
128
110
71
178
128
421
182
70
63
91
35
16
19
144
180
51
92
9
2
8
3
15
39
4
3
2
21
0
0
0
11
2
8
8
3
3
3
2
2
3
2
4
699
65
3
4
3
4
6
7
1
2
0
10
0
4
483
178
49
95
49
33
11
7
167
30
77
53
105
57
96
112
606
269
46
9
1234
56
228
154
134
281
33
39
579
553
195
26
37
26
16
30
30
49
34878
8358
139
424
77
64
116
213
213
158
88
71
112
183
14
6
12
8
21
4
3
3
112
8
19
2
55
6
40
63
8
217
39
113
1975
856
209
101
108
15
159
1421
1271
1028
670
289
152
57
1092
479
446
123
403
10
501
212
114
18
165
96
80
30
14
17
8
18
14
759
292
457
137
114
108
9
133
160
82
140
48
70
10
6
5
13
0
0
1
0
0
0
4
3
0
4
0
0
57
54
55
20
7
18
1
1
2
12
27
7
0
13
30
2
7
0
0
0
0
0
6
7
16
10
8
2
1
8
7
3
6
0
7
2
4
1
7
5
2
13
0
11
3
4
7
11
6
7
1
5
6
3
6
5
18
0
614
1
2
0
1
1
1
1
0
4
3
0
0
0
0
1
0
0
0
0
0
0
0
0
6
4
1
7
7
2
3
13
5
2
3
1
251
163
177
72
65
42
206
49
328
38
39
15
15
12
28
12
17
37
33
7
30
6
54
7
23
244
23
78
11
28
9
20
16
1
1
1
3
1
1
22
19
31
30
48
44
42
39
54
18
62
147
49
12
334
66
69
68
57
540
250
242
123
143
27
4
1
2
4
4
25
15
12
39
13
69
41
17
167
59
19
64
39
339
79
53
279
261
148
32
5
20
16
156
105
8
10
226
53
49
34
416
22
17
9
13
11
29
31
15
40
0
3
61
20
19
15
16
17
12
10
2
66
3089
2119
3321
8
14
29
12
12
8
3
15
0
0
0
0
2
2
0
2
0
0
2
1
0
0
0
0
0
0
0
0
6
0
2
0
0
11
2
1
0
0
2
3
3
3
3
3
0
186
221
0
0
0
135
195
0
0
0
0
3
4
3
3
4
0
1
4
3
1
1
25
22
22
13
27
21
17
11
11
20
10
6
30
8
5
6
3
5
7
8
9
7
11
11
12
9
11
9
12
9
13
4
15
41
0
1
0
3
0
0
0
0
0
0
4
2
0
1
1
1
0
0
1
36
20
10
187
18
30
9
8
10
19
29
29
4
0
2
5
6
6
5
4
3
3
3
4
3
3
9
1
3
2
3
3
3
5
7
6
5
838
513
436
278
181
64
107
114
58
32
40
0
33
1
22
4
3
4
2
0
2
1
2
3
2
5
2
3
2
2
13
4
2
9
49
646
816
316
102
336
176
301
40
142
64
154
60
127
0
0
0
13
0
0
3
0
0
0
0
0
0
89
124
22
10
59
68
52
188
67
106
37
142
38
55
84
34
92
79
42
52
36
177
191
117
92
49
198
99
189
202
55
84
79
90
35
15
45
22
89
54
71
64
136
71
20
40
274
370
140
118
180
73
109
108
0
2
0
0
30
3
0
0
2
0
13
10
4
4
3
4
2
11
6
2
2
5
4
2
3
2
0
0
8
0
7
0
0
0
50
2
2
2
4
12
0
0
0
1
3
1
1
0
0
301
246
184
145
63
66
152
108
79
41
44
117
6
3
3
5
2
4
4
4
8
4
8
7
2
2
0
3
0
2
3
2
2
2
0
0
0
2
0
18
12
9
7
8
9
8
7
9
82
6
9
10
7
6
8
2
6
5
8
6
5
5
8
1
17
0
0
1
0
2
0
0
0
23
1
0
245
55
12
6
8
10
32
16
17
2
350
17
21
15
12
17
2
12
3
3
0
3
4
3
2
6
9
6
2
1
1
3
6
2
595
378
183
434
119
176
105
75
151
5
11
28
40
15
7
4
7
3
10
12
27
5
7
8
3
1
4
6
2
10
6
3
5
1
22
7
14
16
23
51
132
6
87
29
10
6
124
62
47
41
70
92
41
32
20
28
4
3
4
1
1
4
3
3
1
25
25
25
19
16
10
4
18
6
9
6
12
9
5
5
4
2
92
16
5
4
2
29
9
6
30
28
54
48
32
26
150
70
59
0
0
0
0
0
2
2
2
4
2
4
3
103
21
35
15
7
0
7
6
5
4
2
6
3
1
5
1
2
2
2
2
2
0
2
12
2
2
2
3
3
14
4
4
4
4
6
4
3
3
3
4
8
4
4
4
4
9
3
5
6
4
3
1
2
0
0
0
2
0
2
0
2
4
1
1
2
1
1
9
48
16
14
5
12
7
5
61
6
5
7
4
1
3
0
0
0
0
0
0
0
1
30
31
10
18
13
4
8
4
10
3
18
8
13
13
29
35
7
15
38
14
11
10
4
8
21
103
21
19
25
14
22
14
18
24
14
50
29
4
10
42
97
284
367
58
165
28
220
112
90
64
111
55
185
109
88
97
140
204
55
77
112
48
130
91
94
8
15
63
43
57
145
39
167
4
8
36
16
288
297
71
124
107
118
89
52
30
44
13
2
56
130
85
40
44
274
165
54
71
17
17
44
17
25
21
11
6
3
557
257
356
378
55
29
49
300
43
21
7
5
0
10
6
6
8
1
6
7
7
6
6
55
163
138
24
0
62
7
7
2
2
24
4
4
25
47
35
17
9
11
23
21
19
21
5
3
15
19
9
9
7
7
17
10
12
14
11
8
0
2
2
5
2
1
0
3
8
3
5
3
4
1
0
0
406
1141
316
206
116
124
58
44
8
31
15
65
13
32
23
26
35
113
43
27
28
93
5
8
24
83
23
25
10
6
13
12
9
4
106
22
11
53
32
11
40
22
25
4
151
74
14
42
118
15
57
0
5
229
152
178
131
66
45
13
9
1168
1103
24
22
397
255
492
449
578
3
3
3
3
0
2
0
3
0
0
3
1
3
1
3
1
49
61
84
19
25
23
27
17
7
11
4
315
255
259
216
106
104
69
44
48
77
2
2
0
0
0
3
2
4
9
0
1
0
2
11
11
5
162
118
101
83
43
130
60
38
39
