64279
53122
7305
11252
4271
2883
414
534
28427
5365
6624
4490
7495
736
501
1565
1755
574
2584
766
143
3373
875
170
1497
122
7570
439
338
224
113
108
4315
97
150
90
107
4511
1383
280
53
341
27
281
66
37
20
41
33
1707
31
1669
221
100
21
31
43
3689
587
322
25
15
716
750
254
12082
19
164
1701
147
21
45
963
37
3116
2553
3565
23
23
61
1150
214
72
151
18
5835
182
53
32
88
29
30
215
22
5690
38
17
49
15
170
4868
22
619
441
10
359
89
2867
40
26
17234
309
50
135
164
46
10
20
4
15
1857
47
13
6
438
5
559
21
42
14
2
25
134
5
5
197
4
6
877
29
9
44
8
9
5
648
212
14
10
10639
81
4
15507
341
13
11
6
10429
6953
1862
17
15
259
3
5
5
137
1569
499
5
24
5
4
507
151
106
30
9
5
46
12
5443
4799
24
111
69
19
14
636
39
3
5
4
7849
715
19
12
2812
42
553
17
443
619
4
17
614
25
3
725
78
86
6
2687
1135
26
38
19
9
314
13
4
145
2
2
1182
44
9
4
22
33
32
2
453
259
128
592
7398
2423
95
169
29
109
40
468
36
281
178
246
11
5
376
822
111
912
17
1105
24
18
427
11477
2299
33
102
622
17
12
959
403
828
35
196
13
24
8
677
33
12
11
8
320
6
17
58
205
179
11
50
4
285
8
57
2877
10
57
3
203
1087
570
2
1026
141
849
271
32
469
112
22
27
2997
32
390
8
268
7723
14
21
6
206
254
51
15
1596
165
177
1017
5
1020
492
5
137
100
3
240
10
836
27
36
353
379
414
21
7
320
203
3
1057
575
42
20
75
17
650
2185
131
85
15
5
42
4
11
615
3
4
18
19
2
1058
29
2650
131
9
32
967
2
39
39
8
29
8
219
2961
27
8
260
34
35
459
93
5
161
26
14
5
486
20
740
3336
152
1154
14
34
73
37
148
34
173
40
127
128
26
239
125
39
29
53
19
6
7229
6
7
25
876
55
7
23
8
560
59
35
297
74
18
14
45
25
202
215
2
313
722
143
299
2
1422
4
27
293
12
3
173
21
159
31
15119
40
6
6
34
5
33
14
28
2
8
13
6993
5330
247
5
12
94
2
12
2
161
470
145
24
4
41
23
28
47
105
27
1728
4
21
6
12
419
18
37
18
2143
5
98
776
82
1141
4
9
13
194
344
27
1395
719
6
20
3696
58
37
25
77
1375
932
392
94
16
6
257
30
50
5
656
10
4
7
50
18
1529
9
640
158
30
14447
2825
30
36
2947
855
4
5
6
27
3
70
2
14
76
548
904
692
131
51
19
4
824
17
6
4
240
15
104
18
13
281
5
4
6
82
29
4
12
81
2
78
33
2
56
38
581
53
18
19
8
3
652
29
1443
16
97
26
15
174
22
16
11
9
2
6
171
1172
318
41
15
9
2
13
1542
60
12
29
130
18
2124
111
7
5
255
2
3
75
12
54
40
5
6
8
1925
24
26
821
321
16
33
1
2570
32
3231
822
5
172
118
16
749
12
236
47
12
28
56
19
411
156
410
634
323
798
3
5
4151
9
3
5
9
169
7
5
48
2
24
80
30
167
10
44
20
368
4
618
7
9059
3
4506
763
632
6
16
29
4
47
2686
1062
16
1
88
1000
383
884
3486
700
213
612
1057
22
17
1189
1087
376
10
11
70
482
11
135
45
3234
22
104
15
61
349
42
15
826
1167
28
14
849
1848
49
141
56
21
4063
23
398
233
49
304
4166
158
761
26
33
2895
85
1758
60
429
35
18
621
220
3
165
2888
235
8
948
5
24
1353
120
659
2454
423
32
744
37
110
33
11
1014
72
63
58
34
21
22
1634
7
3
3
44
2
307
97
20
4
150
66
135
8
47
461
12
175
12
2
4
2
2
17
1561
83
32
407
204
11
8
9
12
42
5
0
17
9
60
300
2294
9
29
2
499
232
29
66
13
11
1
0
75
142
1246
227
454
6
2
0
758
5
4
4752
6
9
8
0
3
8
5
73
25
36
33
7
2
3739
39
9
41
22
135
10
36
2
68
5
32
2341
25
0
47
18
17
4
284
8707
1537
963
2775
3229
17
1288
1116
5879
3360
21728
75
574
2530
2
7385
51
4890
9496
106
7111
812
2907
713
1039
780
549
57
59
121
41
1797
514
388
378
3
178
478
170
28
36
934
6
1048
70
62
2405
1596
3011
4473
2048
7
629
36
0
116
2
237
1089
4266
10949
27
84
358
17
184
18
147
4678
40
45
233
5166
3323
3
108
5
263
3
12
25
12
81
141
3294
1923
3
5
11
47
3720
2374
225
6
774
165
36
1
408
6
10
49
383
819
64
1
137
4
243
0
636
32
11
70
229
110
5
7
0
3790
9
64
37
0
3
49
133
6
8
18
829
200
1
2
10
26
2
11
54
15
102
9
0
20
6
2
166
47
10
727
22
203
156
5
92
184
12
4
219
50
25
918
104
80
132
3
41
8
2459
149
1480
43
8
3
25
137
307
11
6
55
2710
304
1853
8
12
1
53
322
18
136
1
4
9
8
12
2
13
26
1
8
0
41
4
53
4296
4
45
143
42
193
62
143
148
33
528
3
279
2244
3
0
57
875
247
199
796
182
26
8817
583
3
343
446
1754
539
6379
1488
888
4962
346
1416
536
76
231
21
575
10
57
3
10695
27
26
0
38
122
57
287
34
1291
5
22
176
30
9969
189
39
26
51
8
55
217
2
149
29
2412
194
54
11
735
364
255
405
6
14
274
3012
17
21
158
0
15
188
3229
95
0
733
550
283
3367
53
105
701
1
60
70
459
1319
5
6
548
32
10
271
30
227
0
1046
1538
3100
121
96
2
50
238
158
49
0
766
289
1020
5
3
235
0
355
2
44
23
39
4
0
22
20
2
0
1
346
0
17
3
84
2
53
2
240
177
9341
6210
4706
177
7
3
4
331
36
1738
540
369
117
477
236
7989
6
115
930
10
5
268
325
19
2
4
79
10
73
7
15
13
15
11
1749
2
2
0
8
371
29
437
114
8
6
600
607
138
2
976
4
3
10
8
1116
5
9
1387
1808
275
4
1
1
0
4
7
105
3
94
9
79
16
35
29
10
58
29
15
194
3
0
0
18
269
10
26
12
12
15
3
12
14
73
642
43
6
22
12
148
36
1883
45
2
644
133
168
76
230
48
9
588
76
125
2645
43
582
87
86
1
21
4
111
9
7
20
4
38
9
395
886
818
33331
27765
26179
25068
8397
6362
6761
6198
5282
2021
4499
434
127
77
99
65
56
6899
951
429
1151
91
2243
172
0
194
131
198
39
546
4440
187
913
11
140
614
29
4521
1951
659
77
313
2631
169
726
2
650
713
2
235
23
5
7058
962
123
1962
177
1029
59
7
49
72
29
2636
1121
1498
2881
238
2473
130
94
1
0
1168
2603
208
127
491
106
538
126
41
29
2
4557
3034
3
3894
1245
335
197
1089
2724
831
210
778
24
613
185
9
17
195
20
71
6
64
16
7
29
204
514
131
205
175
43
353
19
3649
2019
61456
25005
861
313
27
4405
2599
491
1277
2312
439
549
196
258
153
97
2348
42
79
3862
14977
1192
11425
2391
6147
46
4993
27
230
42
2415
3679
2942
213
488
2195
150
162
20
419
106
17
41
172
33
916
4
0
2095
7896
869
503
8733
650
231
77
285
5
608
864
412
768
6
7
1291
398
1052
910
15
34
332
813
850
2005
324
4
311
1492
228
1449
155
42
601
3047
7
50
121
46
49
3
131
6
261
86
411
902
1436
701
6
9
1116
808
8568
1262
1475
921
402
229
179
4
10869
158
3
3
14
55
13
17
1
416
40
2
7
832
0
4
16
3
1414
58
41
458
184
801
124
12
12
1167
397
70
138
2
12
8
15
2
1444
343
22
26
4
61
0
565
4
1001
431
6
4
0
305
3
13
42
354
19
21
0
52
16
0
1
97
1387
29829
1852
33574
28894
5778
2489
2439
10008
7408
2649
14268
8166
2767
4061
1669
612
75
92
140
24
1
9
0
1
6
72
9
1
3
8
2
1047
5873
926
112
40
14
369
5
7
923
130
68
80
118
9
1684
298
492
37
8
31
14
27
1516
385
149
50
21
766
4482
125
18
2
36
546
37
435
15
33
11
454
77
48
104
169
22
2158
397
445
53
7
7
321
59
193
69
31
3
12
7
81
8
1
19801
260
848
351
61
10
2018
1812
846
52
29
6
1451
272
99
154
43
3
1216
746
26
40
14
69
845
2527
202
91
50
2
2604
350
43
179
385
12
2237
81
388
126
314
36
9
2
2311
99
35
635
22
17
217
91
73
39
14
8
237
323
27
27
63
5
4991
1181
246
101
21
5
10176
654
399
71
175
0
3003
53
228
77
0
11438
1188
73
89
36
8
3
40
6
93
38
294
6
314
199
1602
33
43
43
55
6979
640
12
18
4
3
1170
643
34
3
7
3724
682
18
4
361
27
1127
3334
284
19
25
6
2926
660
22
7
25
23
23
11
248
26
65
12
1066
355
785
88
82
30
819
571
78
36
37
29
315
336
117
28
23
5
703
930
314
98
25
52
1559
461
134
280
27
36
1512
52
38
176
101
17
675
5
6
125
203
1059
7
144
589
139
27
29
8
922
588
19
25
32
292
1367
538
1810
99
117
36
1663
362
76
42
63
27
5281
2094
419
868
68
7
2665
2659
455
2666
196
86
1489
1005
386
115
1073
86
20
10
53
232
30
35
55
596
187
168
766
78
5
8
4
5
1161
21
7
24
10
180
2
3
0
46
17
33
47
14
11
99
12
24
4
4
16
84
262
487
34
245
2
9
220
1
11
20
1
20
6
13
34
2
3
5
2
9
10
6
10
1
17
2
256
58
7
2
2
3
21
0
9
12
3
1
1
0
5
28
8
29
17
6
3
3
14
23
4
13
1
553
57
35
0
16
1
0
4
2
40
10
559
3
25
9
8
168
24
24
839
2
42
276
5
3
3200
3
18
14
1
3
1
374
1
2
4
0
0
3
23
78
3
8
142
54
5
46
322
3
2
1
9
58
24
0
10
4
2
2
0
48
1
2
23
29
3
1
15
4
3
9
3
1
3
452
178
24
16
7
7
9
11
6
29
19
22
4
8
12
3
3
2
2
0
27
23
26
19
8
11
4
14
16
31
10
7
5
18
7
5
4
30
123
0
2
2
3
0
0
356
34
14
87
36
27
0
13
70
17
19
6
6
25
17
7
7
8
0
10
3
97
4
3
12
24
67
2
12
9
3
10
2
3
0
13
7
2
12
2
18
0
0
135
30
806
0
2
0
3
0
3
2
1
1764
49
0
2
2
1
3
0
4
409
0
0
2
3
0
0
0
38
15
0
2
147
3
0
0
0
9
1
112
9
5
18
13
0
17
0
0
12
2
19
1
15
4
2
5
5
3
2
23
5
7
2
33
5
4
5
3
8
4
5
2
3
13
19
211
136
4
4
3
3
59
3
2
1
11
0
0
0
9
15
2
486
17
32
36
0
1
204
7
0
9
87
12
6
0
146
596
20
29
19
729
44
33
15
5
5
4
25
4
32
1
458
29
4
3
3
177
1
102
1
6
13
4
72
71
2
10
156
101
54
11
4
128
7
8
2
35
26
17
0
2
0
67
10
29
5
1
0
5
0
0
1
0
0
35
0
55
0
2
0
0
3
1
0
2
0
0
0
0
5
2
2
2
0
5
47
0
454
5
102
6
2
6
3
16
4
5
6
2
2
584
2
4
4
2
4
0
4
29
33
92
18
209
29
35
5
78
3
0
9
58
22
1
0
6
1
2
42
25
36
26
9
191
11
4
18
2
10
2
3
6
1
3
15
1
14
30
37
0
14
11
2
3
2
6
2
3
4
1
2
1
0
44
2
0
31
9
34
11
4
2
0
5
2
1
2
4
12
16
1
63
0
2
8
6
1
0
22
4
1
1
1
1
2
1
1
0
56
355
2
0
1
2
1
2
7
2
3
0
8
184
0
14
0
0
0
7
0
0
0
0
1
0
0
0
5
1
10
0
0
2
0
1
0
4
348
0
7
6
1
52
0
836
200
7
94
6
102
0
0
0
23
7
8
220
1
6
9
15
10
24
7
4
51
6
8
266
0
9
1
1
5
13
3
0
25
132
6
0
328
71
23
2
0
359
1200
256
60
29
20
92
10
2
4
9
40
21
7
11
1
12
90
25
13
35
12
1
167
20
10
43
13
256
12
28
33
7
8
6
9
1
0
2
1
0
0
1
5
74
0
0
0
0
2
0
2
0
0
0
0
1
0
2
0
1
0
0
2
0
0
1
1
1
27
24
1
1
1
2
1
1
1
1
1
3
1
2
2
12
1
49
1
2
3
3
6
3
3
11
1
0
5
248
1
0
0
2
1
28
5
4
0
0
210
29
52
0
3
2115
3
15
0
2
159
1
4
0
1
0
0
1
0
2
17
0
0
2
0
2
1
2
2
2
1
0
0
0
16
0
228
4
0
4
0
0
0
5
0
0
0
1
0
0
4
65
311
6
1
1057
2
2
208
68
6
4
0
1
0
0
0
2
2
0
0
1
142
0
0
1
2
2
1
591
0
65
0
2
6
1
4
7
26
2
0
0
1016
302
2
150
0
2
1
0
4
13
16
32
15
3
4
3
17
1
26
16
13
1
107
7
28
14
3
23
15
24
72
0
1
2
0
20
2
2
77
0
4
11
1
1
2
10
1
249
1
2
173
1
0
0
3
2
1
1
2
1
513
3
2
1
2
2
1
0
0
1
0
1
0
3
1
1
32
0
0
0
0
0
2
8
10
22
3
44
0
13
0
4
0
0
1
0
0
17
0
437
1
0
0
2
18
963
0
1
18
53
1
0
16
44
5
3
0
2
4
33
0
0
2
2
3
39
0
0
3
2
3
7
52
73
12924
1
1
26
61
3
0
7
0
4
329
112
0
6
115
0
0
3
3
2
0
8
2
3
3
0
58
0
23
7
267
25
14
148
4
0
0
147
27
6
277
1
336
0
0
2
0
0
1
28
39
6
1
1
0
5
6
2
1
2
0
1
0
23
1
23
1
5
1
4
3
0
5
4
2
1
612
85
2
5
5
3
5
14
3
7
13
137
282
3
2
2
2
2
0
14
2
0
6
1269
4
21
1
2
2
3
1
0
0
2
726
3
2
6
0
3
3
2
2
2
2
1
6
8
2
1141
0
0
0
0
1
0
0
682
0
0
1
0
3
0
4
0
0
3
1571
0
0
2
2
0
0
0
0
0
0
2
0
3
0
0
0
0
0
0
0
0
0
2
0
1
3
15
0
0
0
0
0
0
0
254
21
0
1
0
0
0
2
0
3
0
0
0
0
0
1
46
451
0
1
7
29
3
0
15
0
21
40
19
1
120
0
2
3
29
5
68
1
3
8
24
0
50
0
0
441
100
0
0
0
525
1
0
1
0
0
2
9
2
135
1
2
0
1
0
0
360
3
0
0
0
0
95
20
1
0
10
1
5
12
23
1
0
0
93
1
2
0
21
0
0
0
0
0
632
0
0
0
4
2
4
0
3
12
0
4
0
1
20
2
1
3
317
0
1
0
0
0
0
0
0
1
1
5
0
3
12422
3
6
2
59
9
30
12
0
4
0
0
0
0
0
1
40
445
2
2
0
0
1
4
0
0
0
0
1
0
2
0
20
300
1
2
0
2
0
0
0
80
0
277
1
1
0
1
0
9
0
0
0
0
2
0
0
0
0
30
0
0
0
0
0
0
0
171
0
0
2
0
0
0
0
1
0
0
6
0
0
0
0
3
0
0
0
0
0
0
0
0
652
5
14
5
2
0
0
0
93
0
637
46
2
0
0
0
0
2
0
2
116
0
2
0
958
3
1
2
13
3
0
193
0
0
303
5
2
2
0
777
0
1
0
8
0
7
1
0
0
75
2
0
1
0
0
0
13
0
0
0
0
0
0
0
10
0
0
3
0
29
0
2
0
2
1
0
50
1
2
0
5
0
0
2
1
0
0
2
8
7
1
13
795
20
46
785
74
5
5
0
1
145
15
13
443
12
5
5
6
3
3
0
132
0
36
20
0
0
0
11
0
5
4
3
3
91
1
0
0
0
0
2
124
151
4
2
10
1
0
3
1
81
0
1
2
7
3
1
2
7
5
5
1
2
1
5
2
1
2
2
4160
463
8
2
4
2
3
3
9
2
2
4554
2
2
2
0
9
6
17
1
0
0
6
1
1
0
0
0
7
1
0
1
3
0
0
1
3
9
0
194
9
9
27
10
0
0
256
2153
59
9
143
5
1
7
38
2
14
41
10
13
152
35
2748
156
1
1
0
7
4
54
92
1
6
19
567
3
1
1
1
1279
4
0
2
5
4
6
0
1
1
29
47
19
0
234
1
6
1
2
46
1423
3
920
5
0
10
16
16
100
2
3
2289
0
0
8
0
0
32
3
9
0
585
32
0
45
1
3
0
0
0
0
0
0
1
1425
25
5
13
1
2
0
10
0
10
0
0
0
0
9
30
5
5
3
2
1
45
0
3
0
0
0
0
0
2
0
0
0
1
0
2
0
1
0
1
0
4
2
0
1
2
3
2
0
0
0
0
1
0
0
0
2
0
4
1
0
0
0
0
0
0
0
0
0
0
0
1
0
0
0
0
0
0
0
0
0
0
0
0
0
1
0
0
0
4
714
62
2
13
2
0
0
0
2
0
3
0
0
0
1
0
0
1
0
1
0
0
0
1
0
0
0
0
0
6
1
3
0
0
2
203
364
156
526
8
2
515
1409
7
16
5
11
8
24
4
14
6
9
3217
4264
2799
1050
1164
964
1248
549
29
16
617
1
5
146
11
16
3
4
2
10
1
4
1
30
1
1
30
5
2
6
55
3
2
2
1575
58
0
0
0
0
0
3
6
16
0
0
0
0
0
0
0
0
2
2
0
0
339
0
0
0
1
30
162
236
1447
2
1
1693
41
2
6
4
3
2
4
2
2
4
2
2
3
12
1
47
5
1
11
3
1
3
3
0
1
2
0
2
0
2
45
66
51
52
93
17
22
12
6
19
9
10
12
12
62
11
10
5
114
0
22
56
11
6
3
10
23
217
3
3
9
11
4
68
1299
793
633
543
141
41
39
43
20
1892
783
45
61
14
12
19
20
12
11
29
3915
136
208
123
33
13
146
36
23
20
6
1519
456
108
1838
337
11
51
3686
364
1291
317
167
14
14
184
623
1272
18
12
6
7
1252
3241
1400
37
96
14
11
1514
2299
2096
27
58
512
678
44
10
1149
37
162
7767
306
312
25
150
7
7
60
6
891
166
247
15
937
9
5
4
0
0
0
16
16
51
3
0
134
4
624
330
7
1
2
209
235
2
5
4
105
471
9
4
96
16
39
7
7
5
2
3
7
9
6
5
464
432
4
4
14
18
2
241
12
5
3
19
4
727
12
1
2
1
1
95
2
1
1
2
6
2
1308
0
801
5
434
3
1
739
1
1
1
1
35
1
1
1
3
1
17
2
5
7
2
1
4
1
8
0
1
1
1
0
0
0
4
0
2
0
0
1
2
0
0
0
0
0
0
0
0
95
0
12
0
1
0
1
0
0
0
0
0
4
0
6
1
2
0
0
0
1
1
1
842
4
4
3
1
2
0
5
3
4
3
946
7
1
1
8
2
2
1
0
3
1
12
36
27
23
9
1
42
7
17
74
47
30
15
9
13
10
29
6
4
10
11
17
5
12
8
8
14
8
16
17
17
10
7
6
20
17
14
24
21
9
12
0
6
9
2
6
7
6
17
2
14
6
1
18
7
16
12
8
11
7
2
12
14
39
29
12
4
21
32
1
21
9
138
52
10
2
2
7
10
6
12
13
346
11
10
62
18
14
19
30
17
22
20
248
23
4
15
6
43
11
75
15
241
26
14
37
19
28
106
32
25
31
19
11
33
54
30
49
30
25
34
10
11
10
9
10
15
19
56
27
12
5
7
30
17
17
46
57
98
3
7
8
44
22
3
27
21
34
22
14
7
26
14
15
8
39
15
15
9
11
13
22
9
37
15
22
34
15
2
21
15
21
11
14
11
16
18
1940
7
9
6
7
7
4
4
6
7
15
1
18
5
4
18
10
25
11
15
9
9
26
14
28
24
18
8
0
7
3
2
2
7
9
2
8
6
10
7
7
6
48
31
28
7
6
2
7
4
8
16
28
6
17
6
1
0
6
6
4
5
33
14
10
9
0
7
3
5
4
0
7
3
3655
6
11
8
34
10
3
4
7
14
0
3
14
15
0
6
19
44
8
3
3
7
552
247
0
5
44
33
2
0
0
5
19
1
3
1
35
8
5
4
5
6
9
12
18
10
8
1
7
11
21
2
481
38
5
1
11
15
54
20
9
5
8
22
9
548
21
0
7
59
15
61
20
31
6
3
14
24
140
8
34
39
33
16
5
5
1
14
12
15
83
99
63
24
21
12
36
14
34
45
40
5
73
7
17
10
17
15
77
10
14
4
21
9
8
6
7
40
28
10
18
10
10
10
11
6
47
8
17
271
12
24
12
14
15
35
43
74
108
28
82
88
25
14
45
20
23
66
38
32
10
17
11
0
18
21
26
13
7
30
2
408
12
61
25
0
0
18
247
1
17
10
0
0
2
0
0
0
0
0
0
5
6
3
2
2
12
2
2
33
1
0
0
0
1
0
0
4
0
0
2
9
1
0
0
1
0
0
8
0
12
2
2
0
2
3
0
2
5
0
2
2
2
2
2
0
3
2
4
2
9
2
3
0
1
5
73
1
0
847
346
2
122
15
2
0
1
0
2
0
0
3
2
0
0
0
0
2
2
1
1
0
0
3
0
0
6
8
15
2949
2
10
31
11
0
0
0
15
7
0
4
1
0
21
31
0
645
0
919
3
2
1
1
3
3
1
1
1
0
12
1
2
2
0
0
0
0
0
0
0
1
1
4
0
0
0
1
0
141
4
0
1
8
0
3
2
1
0
31
0
0
0
0
0
0
199
0
5
0
168
13
2
0
0
0
0
3
0
0
0
0
5
2
0
3
82
0
0
9
0
21
0
0
8
0
2
0
0
7
2
0
1
0
0
0
0
52
0
0
0
39
0
5
3
4
3
479
5
1
88
6
717
10
104
11
26
1
4
1
3
3
1
9
1
17
4
4
4
7
0
0
0
11
5
2
5
4
1
1
0
17
0
0
3
1
0
7
2
0
0
1
2
95
0
2
3
0
1
1728
34
0
0
0
0
0
3
0
3
0
1
1
2
0
0
19
7
3
22
45
0
60
0
0
20
1
16
2
0
1
15
115
5
1
2
1
7
2
2929
2
17
959
2
1074
8
2
2
76
5
8
89
26
3
4944
7
25
2
5
1
11
0
3
23
2
2
16
28
0
3
4
3
4
2
1
0
0
0
6
0
0
0
0
2
3
12
5
3
0
3
2
3
0
4
0
0
0
0
2
0
0
0
0
1
0
0
0
0
0
0
0
0
4
20
0
0
0
3
0
0
0
2
2
4
0
0
0
6
0
0
1145
2
1
0
0
0
0
0
2
0
1
0
0
1
0
0
1
3
2
2
2
3
0
0
0
3
0
2
0
0
2
0
0
0
0
0
0
7
0
26
0
0
16
1
2
0
0
2
0
0
0
0
0
0
0
1
0
4
3
0
0
0
0
2
2
2
1
2
0
5
48
2
101
10
3
3
74
491
368
166
57
9
756
0
0
0
0
0
1
0
0
0
0
0
24
23
3
6
2
2
2
1
4
8
5
28
8
4
29
20
19
4
0
0
0
13
2
7
0
0
0
8
1
0
0
0
5
0
0
0
0
22
0
0
0
7
7
64
40
48
24
29
22
27
28
3
15
5
2
1
3
108
5
4
0
2
2
0
1
0
66
25516
2
1
1
0
2
0
0
2
0
0
0
2
2
0
0
0
0
0
0
0
2
0
0
0
0
0
0
0
0
0
3
0
0
0
0
0
0
0
77
0
0
0
0
0
8
0
0
2
0
0
0
0
0
0
0
32
41
14
24
41
33
6
2
0
1
3
15
0
0
0
2
2
7
1
0
0
0
10
47
3
0
2
2
0
5
0
0
0
7
0
2
0
0
3
1
1
2
13
28
1
0
0
6
80
11
0
0
3
1
0
3
0
936
4
0
5
551
129
120
132
9
24
0
0
20
5
266
158
0
3
2
2
0
0
0
0
0
0
1
0
7
0
0
0
78
0
0
560
59
40
71
1
3
11
7
0
0
0
1
296
0
0
1
0
4
2
0
3
2
0
0
70
3
3
0
2
2
2
2
0
0
1
2
1
0
12
0
0
0
0
5
1
1
0
11
1
0
5
3916
6
1
1
0
2966
3221
3819
649
463
1274
402
49
161
8713
121
852
875
0
17
8
27
6
31
1
22
0
0
0
0
0
0
1
87
94
26
13
12
362
7
4
2
18
2
0
2
0
4
13
0
13
6
1
51
2
2
1
50
6
1
3
0
1
84
12
8
7
4
3
8
0
6
0
0
19
2
8
12
0
3
3
5
0
0
3
0
0
3
2
0
3
2
5
7
3
0
0
0
607
6
0
2
0
0
8
2
2
3
2
0
0
0
27
69
1
0
0
2
59
0
1
12
0
13
2
0
0
5
2
2
3
6
27
1
1
2
0
3
3
5
2
0
2
9
4
2
0
2
1
1
5
2
10
0
2
2
0
3
0
5
0
0
0
0
0
0
0
381
26
12
2
51
11
0
6
3
0
2
12
8
2
1291
10
10
5
84
34
4
3
0
0
337
0
0
0
0
34
2
5
5
3
11
110
2
31
0
0
3
94
8
7
10
6
16
19
5
1
7
9
65
48
65
17
7
13
4
0
287
0
1
0
1
0
0
0
0
1
5
0
0
11
11
0
19
10
0
1
0
2
34
6
7
1
4
3
0
0
3
2
13
3
0
4
5
0
4
3
3
3
11
2
1
4
3
0
4
20
64
56
28
67
164
11
6
7
2
6
8
5
3
0
7
17
0
3
5
4
4
5
0
6
3
9
2
7
6
107
0
7
2
4
3
0
3
0
0
0
0
0
0
3
0
10
22
8
2
0
2
0
3
0
0
0
3
2
5
3
2
0
0
0
2
0
2
3
2
2
4
3
2
0
0
3
0
28
3
2
9
2
6
3
26
0
2
18
4
16
2
0
2
7
2
0
3
2
2
5
3
0
2
5
6
0
0
3
0
5
22
17
21
0
15
0
0
18
2
23
11
0
9
4
8
7
1
87
36
0
1
0
0
4
2
3
10
3
0
2
2
11
3
7
19
10
10
24
3
10
2
5
9
8
13
3
11
8
6
2
11
15
0
0
33
6
0
2
1
0
4
0
0
5
4
4
4
0
1
0
0
4
4
0
8
12
0
9
1
0
2
5
14
3
0
0
9
3
0
12
9
10
0
16
18
14
17
10
15
3
5
10
2
5
0
5
54
11
22
14
0
1
9
12
7
6
14
25
18
38
12
2
75
11
8
9
8
29
11
0
5
7
22
4
6
11
5
3
8
8
8
13
0
6
12
11
7
3
28
20
11
2
4
2
14
5
5
6
15
16
14
12
6
0
5
9
4
9
23
3
6
5
10
6
9
4
1072
15
10
0
0
0
0
0
2
0
1
2
0
0
0
0
24673
458
1
42
85
10
4
3
4
6
3
3
4
2
3
0
4
8
4
6
4
3
7
4
6
0
0
1
0
0
2
0
3
3
0
0
0
0
0
0
0
0
0
2
0
0
1
0
2
0
2
0
0
0
2
1
0
2
2
0
4
2
584
71
1061
117
14
11
53
12
18
11
29
17
2
26
0
21
18
11
1
0
53
42
293
397
63
28
338
292
13
28
26
0
193
88
69
37
25
0
120
0
0
0
428
73
108
0
0
55
0
0
0
11
7
134
0
3
17
11
0
0
0
2
0
220
44
0
0
0
0
0
0
0
40
0
0
59
0
0
0
0
567
0
0
0
0
0
0
0
0
12382
3
0
0
0
0
0
7
0
0
0
0
0
0
10
8
578
16
26
83
7
1791
496
284
176
862
251
36
332
34
0
11
0
0
150
0
0
0
0
7
0
0
0
0
0
0
0
90
278
34
669
66
331
11457
15
10
206
0
0
0
2183
3367
5
0
111
0
0
0
36
0
95
0
0
0
0
0
0
0
96
0
0
0
0
0
0
0
0
156
434
0
0
0
0
0
0
0
0
0
0
0
0
0
0
0
0
0
0
8
0
0
0
0
0
0
0
0
1113
91
56
73
70
228
80
19
1603
2424
1700
0
0
0
0
0
0
802
538
12410
8
4
1
2
1
0
2
0
0
6
0
0
0
0
0
8
2
2
0
2
0
2
0
0
0
0
0
0
8
0
0
0
0
0
0
0
0
0
6
0
0
1
0
0
6
1
1
2
12
2
2
1
3
1
8
2
28
20
0
2
0
0
0
11
126
0
0
0
0
11
2
692
0
0
0
124
4
119
24
54
1023
13
301
5
2
1
6
8
61
13
8
1
0
0
2
0
2
0
0
0
0
271
11
10
45
8
2
2
4
1
0
11
624
29
23
503
41
69
723
23
3
11
3
346
134
231
4111
2458
64
38
4
2
2
3
2
3
14
10
4
0
32
0
8
15
4
45
36
10
6
18
2
21
17
20
9
0
7
10
14
53
46
59
60
49
129
0
3
10
1033
103
38
23
36
25
7
1
3
0
0
45
6
0
1
30
11
0
23
0
2
1953
38
61
53
47
16
371
36
454
1953
31
69
676
48
6
7
12
40
21
65
12
21
5
167
21
21
83
37
47
244
7
23
12
19
0
4
5
4
5
3
28
11
169
179
6
20
1
28
21
18
295
51
19
31
184
12
1191
85
12
1047
400
1
2
0
0
0
0
0
0
0
0
0
3
0
0
0
0
2
2
0
0
0
10
11
8
3
3
1
1
1
1
2
12
73
103
254
221
7
472
4
4
1
6
4
3
6
6
23
56
279
3
4
138
20
78
23
6
2
36
8
6
11
6
0
5
11
3
1061
0
63
0
0
174
6041
0
314
120
6270
2221
1
109
360
293
245
83
2
10
27
4
5
6
46
4
14
5
2
12
2
7
13
84
80
8
12
101
58
796
29
24
10
25337
1
5
399
9
6
3
46
1401
2137
5
8
1
1
33
6
5
4
2
824
249
138
187
110
39
7
12
134
8
101
16
14
46
10
3
8
8
8
483
43
2
5
26
2
0
21
12
16
613
20
15
14
983
4
2
17
1
18
4
93
47
11
1
5
1
1
0
3
1
17
9
34
12
28
16
29
10
266
531
179
8
12
2
3
2
200
2
8
12
5
4
13
9
11
3
10
7
16
7
2
28
9
8
6
7
2
6
4
3
0
6
997
17
89
2031
21
2
43
9
15
7
26
1
42
66
0
1189
247
68
27
24
5
34
4
17
8
33
20
8
0
23
13
13
13
16
23
15
25
10
17
32
5
10
13
3276
2648
2346
1698
918
724
945
608
407
71
4637
43
33
23
15
12
7
0
0
0
0
0
0
0
0
0
0
0
2
3
2
3
24
131
36
2
3
2
2
63
1
0
11
0
1
0
1
0
0
0
0
25
0
205
3
8
3
1
1
1
4
0
12
22
4
6
16
5
1
6
5
2
150
82
12
2
1
4
0
0
2
139
1
140
45
151
7
12
2
3
0
2
1
0
0
0
0
9
9
2
6
5
0
8
6
7
0
0
20
33
13
53
34
8
60
67
16
15
9
26
17
15
21
39
26
0
1169
425
1636
66
71
321
6
4
22
48
7
55
37
395
52
47
55
67
17
4
2
38
1
5
0
0
1
1
1
0
149
2
2
0
0
0
2
0
2
0
0
0
2
0
3
0
347
30
11
1
33
32
21
16
18
674
147
54
1712
110
27
8
13
1
11
13
12
8
15
5
38
18
12
26
86
3311
3
8
4
15
9
3
19
9
15
12
9
16
13763
303
100
13
24
4
24
22
21
17
6
8
6
12
15
12
3
19
2
19
0
22
0
9
3
2
10
23
71
25
36
31
24
23
21
25
7
3
1
0
0
0
0
1
5
112
3
2
775
36
10
4
11
11
1846
1252
1364
38
36
16
31
0
25
11
8
30
6
28
11
13
2
6
14
21
1
0
0
0
0
0
0
0
1
0
1
0
0
0
0
1
0
1
2871
1230
860
1347
213
2243
1066
2082
398
736
178
2464
3725
24603
544
446
77
58
60
1085
455
47
62
80
3
325
2
1
2
2
2
643
625
31
1720
34
1138
395
148
1055
284
25
24
28
4
40
0
2
12
6
36
2
30
7
5
13
6566
333
454
1056
182
162
166
34
264
30
3
19
92
142
6
127
129
12
3
29
28
12
182
54
22
204
22
44
2
4
27
24
319
4
19
3
44
10
10
2
28
1
0
0
0
0
4
0
0
15
27
0
4
3
24
2
6
0
0
3
4
5
7
1
5
4
4
1
2
54
21
33
12
14
9
34
5
31
24
14
63
81
47
17
15
29
21
8
16
1
2
7
29
5
1
5
8
29
2
9
19
2
2
23
17
3
4
22
1
6
23
26
39
18
12
9
5
19
5
22
9
22
27
12
2
14
2
6
36
8
10
11
11
1
204
0
20
2
2
3
3
0
0
3
0
50
19
17
6
11
3
15
17
20
4
7
35
70
15
697
7
0
0
53
5
3
5
7
0
658
385
23
414
159
154
106
186
37
13
71
26880
97
39
3
153
16
22
8
17
3
8
8
10
3
0
5
0
2267
0
0
3620
0
327
42
16
46
0
0
1
2
0
25
2
74
46
6
3
12
80
2
83
255
117
874
13
57
24
15
5
62
11
49
2
16
9
10
12
9
14
8
34
6
10
8
15
8
10
8
3
9
17
13
9
92
28
21
12
1
37
47
14
14
34
0
3
0
1
5
9
38
39
29
67
9
25
24
98
24
31
25
79
29
21
37
15
8
12
41
758
116
38
57
19
9
138
311
30
11
5
10
126
28
20
18
12
6
11
1
11
7
10
9
22
24
15
17
4
18
1288
243
76
2
66
2
6
6
33
20
3
0
6
8
0
11
252
20
424
80
8
11
5
20
23
2
2
4
0
2473
11
9
7
4
9
0
2
2
1
1
1
2
21
20
15
10
15
3
0
15
5
8
6
10
5
3
18
8
6
8
20
8
83
19
21
10
9
7
48
59
40
31
123
55
160
80
86
21
11
5
20
4
13
6
0
4
1
2
21
19
13
21
31
22
54
41
42
76
9
7
5
4
4
5
4
4
2
3
8
2
0
7
5
2
2
13
3
227
3406
10
9
93
9
6
5
1927
350
507
40
262
7
177
56
68
22
24
29550
32
16
13
31
24
13
32
3
10
56
8
7
13
1
7
3
3
53
7
17
17
16
4
23
2
28
20
6
43
39
44
90
65
40
8
14
13
20
2555
65
20
18
7
11
28
24
14
51
829
759
21
13
30
1313
56
487
32
36
0
13
9
4
14
6
49
6
37
18
18
21
4
15
15
18
20
2
10
4613
3348
5686
716
1574
148
262
1305
148
52
1898
5617
13227
901
868
654
1267
3333
4736
1930
21394
4636
3713
2958
1665
1395
805
3211
2670
1125
450
13600
843
534
0
2535
586
1089
323
705
116
43
237
41
8
206
8035
9877
46
31
27
19
29
12
10
23
14
47
17
24
11
61
3
3
7
5
474
326
4583
1850
1820
29148
2890
20340
6877
631
406
15
15
30
56
16
111
113
23
16
78
3473
10
27
158
8
52
55
7
10
56
9
18
11
23
5
9
16
8
7
12
18
10
8
2
4
5
12
29
21
8
21
23
48
8
26
20
21
2128
259
269
244
274
256
253
165
151
220
213
219
160
165
201
185
2198
1059
21
165
291
211
209
798
9929
7411
7932
6609
14
10
17
26
36
2
16
4
8
6
6
4
2
2
2
2
7
2772
2438
1856
3416
26
62
50
159
15
39
115
76
24
1584
25
586
2451
2871
5942
2011
3374
2999
250
523
1761
1147
317
30948
886
351
84
2
764
3573
2293
984
49
210
26
18
17
30
3
191
2
1
1
2
1
1
6678
6584
996
521
154
2
2
3
0
12
4
0
1
74
33
0
0
58
33
17
22
2
7
0
0
65
6183
4660
1609
5258
4367
7202
7305
3096
4341
41
5683
579
30
1639
11
899
10
31
3
2588
498
773
8
509
4
10
1
6
1
6
2
9
3
12
4
38
2
27
22
24
18
13
22
14
416
17
51
188
20
17
83
745
3
32
29
16
3
468
9
5
7
24
261
0
95
10
15
2
6
17
37
7
13
9
20
28
123
4
18
10
1
11
2
3
79
6
11
400
2
8
6
0
2
49
0
1
5
1
10
0
4
1
29
0
8
5
2
2
0
5
2
8
5
0
17
4
2
8
0
2
3
3
4
437
6
12
2
8
3
15
0
2
544
8
13
7
7
5
4
8
13
10
13
8
45
8
16
7
9
7
2
1
9
5
20
2
30
4
5
1
2
10
7
3
3
1
23
3
1
1
3
6
0
0
1
11
1
8
6
6
9
6
15
1
0
1
0
9
0
0
14
0
0
0
0
4
0
0
0
12
4
13
12
8
6
14
20
24
77
3
0
0
1
1
4
5
5
124
779
17
9
81
27
19
10
18
0
0
3
246
196
2171
261
255
130
117
47
41
1162
4
20
6
7
3
74
21
18
28
26
44
10
4
0
0
2
0
0
0
0
4
10
7
0
3
213
17
4
7
6
15
6
170
359
6
7
8
3
2
3
6
158
1
0
2
586
39
3
2
1
5
23
3
53
15
5
9
5
5
7
2017
17
224
31
1
23
21
1
0
0
1210
847
556
434
3
0
0
802
505
22
23
1
29
14
2
21
30
1
3
7
2
1
5
2
7395
517
1204
219
6222
2677
249
139
134
274
195
58
2
8
4
42
5
8
0
5
11
0
5
5
19
4
2
0
1
2
5
0
3
1
1
3
1
1
931
1192
103
124
931
137
144
544
11
6
67
7
9
8
52
4
9
10
0
3
7
6
1
13
9
28
2
2
0
29
22
20
14
16
4
8
18
5
20
4
18
404
136
9
13
13
5
3
0
6
8
12
9
0
3
9
123
0
217
9
760
34
37
33
528
709
29
468
602
1786
324
403
357
22
25
8
0
1
1
2
6
2
0
1
4
85
13
36
15
29
3
13
6
3
103
3
8
9
6
279
0
6
6
21
26
16
11
20
14
11
13
10
241
8
11
9
5
0
19
3
1156
246
1405
120
148
351
77
188
102
73
76
480
18
136
125
27
40
26
628
1315
150
183
25
270
114
155
61
27
239
876
33
33
17
21
32
3
14
5
12
33
70
4
13
9
7
11
6
8
27
34
22
37
63
14
13
11
51
28
0
47
17
11
2
11
12
6
35
7
15
12
7
8
16
10
7
5
10
6
22
21
388
6
2
4
2
1
6
0
10
0
3
386
5
4266
3175
1974
3548
15057
2988
2769
1702
357
2752
1519
22
68
51
48
35
55
11
27
33
63
5
18
7
107
47
21
25
16
20
42
13
13
10
14
4
12
113
28
381
90
5
18
35
74
38
8
1
2
5
2
4
0
0
3
0
1
7
21088
18368
18952
18416
3904
2737
5357
2246
10390
7798
2046
2694
8
6
8
6
8
39
5
7
7
26
13
18
4
6
9
9
67
31
22
15
12
9
25
3
10
5
7
1980
49
34
27
33
0
0
1
22
19
10
6
1
23
270
38
24
12
22
4
282
713
347
109
0
12
138
49
22
27
21
10
32
13
40
2
5
64
12
7
10
40
250
24
7
0
3
17
8
9
12
139
24
171
241
18
3
168
1390
2
0
27
7
0
0
1
0
0
1
0
0
0
12
3
3
10
8
5
8
5
0
8
12
5
3
6
5
4
9
4
12
8
10
14
6
18
11
8
5
1
11
3
5
56
8
4
9
4
3110
71
114
45
46
31
101
80
37
45
54
7
2
152
85
11
19
2
65
35
25
281
15
2
4
5
4
4
47
56
7
16
12
2
6
21
29
15
28
359
51
26
18
19
13
4
15
489
13
1110
64
12
16
0
4
4
3
3
3
22
3522
1358
954
1390
208
457
844
153
138
55
73
10
109
37
27
20
14
5
39
24
44
47
77
55
1226
209
75
115
187
153
46
55
49
31
96
64
50
20
7
0
15
24
5
73
32
20
7
10
17
37
18
33
22
35
40
47
28
99
76
63
24
38
43
83
13
35
76
0
13
23
35
96
95
1149
127
9
224
95
21
137
20
8
51
104
255
75
70
13
12
18
16
15
0
0
5
6
4
4
3
3
5
3
1
1
1
1
1
1
0
0
1
1
2
1
0
0
0
0
0
0
0
0
2
3
1
0
5
7
2
2
3
3
2
2
17
17
10
13
13
89
45
61
58
146
64
232
82
173
1284
54
46
28
2942
255
7
24
54
25
18
68
6
21
16
14
14
6
3
25
43
12
12
2
2
6
5
1
1
2
3
0
0
3
3
3
3
2
3
3
3
2
3
11
11
4
3
8
14
4
4
9
9
7
6
8
6
13
8
9
8
4
4
4
16
16
17
17
8
6
35
36
16
16
19
18
13
9
122
10
10
9
5
6
5
4
2
2
6
6
4
4
1
1
1
1
1
1
2
1
5
4
2
2
2
2
2
2
4
3
2
1
50
40
0
0
0
0
3
3
3
3
0
0
5
5
0
0
0
0
2
2
2
2
0
0
0
0
9
8
6
6
3
2
1
0
5
5
1
1
0
0
2
2
2
0
0
0
3
3
3
3
20
17
17
7
6
10
10
15
15
2
2
2
2
9
9
5
0
8
6
18
22
16
16
2
2
2
2
16
16
11
11
11
0
0
2
2
0
0
0
0
0
0
0
0
0
0
1
1
0
0
2
2
1
1
2
2
0
0
2
2
0
0
0
0
3
3
1
0
0
0
3
4
3
3
0
0
10
10
9
10
10
9
4
7
7
9
9
9
12
12
2
2
4
4
68
35
10
0
0
0
0
0
0
0
0
0
0
0
0
0
0
0
0
0
0
2
2
0
0
0
0
0
0
3
3
1
1
1
1
2
2
5
5
0
0
1
1
1
1
0
0
189
8
10
12
12
4
3
7
7
1
0
0
0
1
1
5
2
2
2
0
0
0
0
0
0
3
1
1
1
24
26
0
0
1
0
2
0
47
35
2
2
10
10
2
2
2
2
1
0
0
0
0
0
3
1
1
3
4
4
0
0
0
0
0
0
0
0
0
0
0
0
0
0
0
0
0
0
0
0
0
0
0
0
3
3
1
1
1
1
1
1
2
2
0
0
1
0
2
2
2
3
0
0
3
3
0
0
0
0
9
10
6
7
13
12
18
22
46
45
4
4
2
3
4
5
48
41
3
3
3
3
4
3
3
3
3
3
6
6
5
5
9
9
0
0
0
0
0
0
0
0
0
0
0
0
3
3
0
0
0
0
0
0
1
1
2
2
4
3
0
0
5
6
2
2
0
0
6
6
0
0
2
1
3
3
3
3
4
3
12
12
9
8
8
8
55
51
6
6
8
7
0
0
17
16
189
69
19
18
1
1
1
1
0
0
3
4
0
0
0
0
1
1
0
0
2
2
0
0
12
13
1
1
3
4
1
1
5
5
13
11
17
18
1
1
5
4
0
0
3
3
1
1
0
0
13
13
11
11
21
23
3
14
0
0
2
2
0
0
1
3
1
1
0
0
0
0
0
0
1
1
0
0
1
1
0
0
1
1
0
0
2
1
0
0
2
2
4
4
13
9
3
3
13
14
6
6
7
6
3
3
4
5
4
6
7
7
6
7
19
21
3
3
56
59
6
7
35
35
22
21
16
18
5
6
31
26
810
55
15
44
15
15
21
32
34
4
3
43
15
5
25
3
20
199
488
55
67
225
174
441
53
75
89
19
38
173
7
17
4
44
0
5
6
18
23
2
632
322
519
169
256
94
175
212
144
198
349
472
1688
779
244
125
7
44
328
29
15
3
5
11
13
8
4
5
4
2
9
4
6
3
4
843
4
3
0
13
3
0
0
4
18
19
2
18
2
2
8
6
14
4
2
586
98
60
166
264
0
208
155
157
56
272
135
132
314
10
150
103
1008
408
38
5
8
5
15
13
7
31
10
4
47
612
64
47
9
201
4
161
112
59
19
39
9
12
30
10
15
12
3
5
6
7
152
39
87
21
1
37
37
55
31
14
18
29
9
27
16
12
15
11
174
15
56
47
36
18
46
81
15
38
22
36
13
5
3
72
54
28
9
10
25
15
20
52
22
6
46
88
34
96
47
11
8
2
9
18
4
7
9
8
9
20
30
20
0
12
20
11
5
3
3
9
28
3
8
9
8
20
4
17
1
5
14
15
67
118
70
28
12
6
8
9
11
6
12
33
21
55
28
23
4
8
10
8
7
1
3
14
8
77
19
59
122
2
4
6
4
2
36
24
6
10
3
12
11
1
18
23
5
48
0
269
44
1
2
18
1
26
34
416
5
4
7
3
7
8
5
12
7
2
25
7
5
0
0
0
6
3
3
0
4
0
8
6
3
1
21
4
4
6
4
16
8
3
13
8
5
5
61
11
20
0
0
5
4
5
4
5
5
75
6
21
16
19
4
4
7
4
7
6
4
13
3
5
1
7
0
3
3
10
10
7
9
8
7
9
9
5
7
9
151
0
261
122
15
14
9
7
35
19
7
12
5
127
17
63
27
194
58
29
267
68
10
34
163
65
9
38
144
10
41
66
9
25
32
31
24
34
13
45
38
29
22
34
129
115
11
739
247
23
75
28
97
22
123
263
85
16
18
6
16
4
4
6
11
4
7
23
3
11
12
5
23
15
12
66
21
61
64
15
67
14
134
9
21
63
7
14
9
9
4
2
91
10
5
4
4
64
53
69
99
166
56
49
72
79
20
17
9
3
134
417
168
39
75
66
136
2086
10
40
51
26
30
29
5
42
157
172
20
22
17
42
6
28
54
5
48
59
36
53
65
186
7
7
87
54
87
15
7
48
55
101
9
416
8
19
29
25
20
14
5
3
0
4
40
5
12
6
3
1
34
7
2
105
11
5
1207
1057
676
110
655
634
308
33
254
136
83
371
59
27
65
19
75
29
6
46
14
7
97
22
14
566
77
3
141
10
84
1
6
513
319
614
0
2
4
16
2
4
7
38
38
33
22
18
17
20
18
26
56
11
17
14
13
18
24
14
28
44
2
33
11
2
17
8
2
2
3
3
5
2
2
5
2
25
8
16
11
8
17
9
10
12
5
7
5
7
3
5
102
2
1
0
3
210
695
59
29
28
29
16
9
16
12
19
7
6
471
171
124
484
366
108
370
339
188
407
532
59
224
182
141
5
2
0
5
1
39
3
8
11
4
5
3
3
12
10
2
8
0
8
6
24
0
9
38
3
6
2
4
3
5
1
11
0
4943
465
2980
5
27
28
24
23
7
16
11
22
23
17
19
27
10
24
6
6
20
15
2
11
15
26
143
31
20
14
13
4
1
1
1
1
0
0
3
0
1
1
1
1
11
25
56
101
53
3
11
114
103
66
20
31
7
5
34
17
8
9
4
5
4
6
7
3
5
9
5
3
9
19
4
2
5
8
221
71
12
2
10
8
13
126
38
49
159
85
1054
28
10
7
23
12
34
17
19
3
2
294
83
0
0
0
546
0
532
0
43
0
3
2
15
4
19
33
0
0
0
6
0
0
0
0
0
0
6
1
0
0
0
0
0
0
1
0
4
0
0
16
0
0
0
2
0
0
0
2
0
3
1
1
0
0
0
0
1
2
0
1
0
0
27
2
7
7
8
8
9
7
6
4
0
0
1
0
0
0
0
0
2
0
0
0
1
1
0
0
0
3
0
0
0
0
2
0
0
0
0
0
0
0
0
4
0
0
1
0
0
0
2
0
0
0
0
0
2
0
0
1
0
0
0
1
0
0
0
0
0
2
0
0
0
0
1
0
0
549
556
177
391
185
170
13
33
51
76
19
22
21
111
3
52
5
2
8
119
34
32
14
3
3
19
3
4
2
4
19
3
2
6
35
12
16
0
0
13
2
7
12
51
0
6
11
1
22
17
11
4
20
18
815
3
20
3
4
273
7
8
1
2
2
1
1
0
2
2
1
3
2
54
52
36
20
21
11
12
5
0
1
0
1
2
0
0
0
1
0
0
0
0
0
2
0
0
0
0
0
0
0
0
0
0
0
0
2
0
3
0
0
0
0
0
3
0
0
1
2
0
0
0
0
0
0
0
0
4
3
0
1
1
3
2
0
0
0
2
0
0
0
1
0
0
0
3
0
0
1
0
0
3
0
0
16
11
5
12
16
3
11
14
9
12
3
4
213
14
5
12
8
12
11
10
6
8
7
59
13
3
10
2
5
0
15
0
3
3
22
14
10
12
7
19
10
20
3
3
21
773
214
128
190
289
133
43
99
153
327
122
185
85
956
0
36
1
0
1
1
1
0
1
4
2
23
19
8
17
11
21
6
22
22
4
25
20
13
13
45
24
17
4
5
2
30
13
15
8
10
21
1
21
0
9
17
8
8
9
12
10
5
9
4
9
6
5
6
8
0
4
4
5
6
98
37
43
60
20
5
12
15
10
10
11
52
29
12
5
15
6
8
8
15
9
5
11
9
4
5
8
702
621
25
11
10
16
15
13
5
24
23
18
5
3
1
0
0
3
2
3
1
2
5
19
9
0
0
0
0
1
2
3
2
3
2
2
1
1
2
2
0
1
0
0
1
0
2
0
1
1
1
0
0
1
1
2
0
2
0
0
0
2
0
0
0
1
0
0
0
0
4
0
0
0
0
0
0
0
0
0
0
2
0
0
0
0
0
0
0
0
0
0
0
2
0
0
2
3
1
0
1
0
0
0
0
0
0
0
0
0
0
0
0
0
0
0
0
0
2
6
0
26
35
15
70
63
39
115
80
84
98
74
115
8
13
0
3
17
13
74
41
23
12
5
5
12
8
5
7
1
2
23
11
0
3
0
6
4
1
6
0
32
2
7
8
5
50
20
24
0
5
5
114
33
37
29
76
21
18
40
13
14
190
831
5
15
9
6
24
14
11
6
39
6
1
100
2
23
138
4
9
59
22
26
9
38
9
21
10
15
2
13
0
11
27
8
5
5
3
6
2
85
10
10
83
42
7
2
11
0
4
4
4
12
17
4
12
2
11
2
13
29
18
22
36
30
27
5
5
6
4
2
2
3
0
0
0
2
2
2
2
0
0
0
0
3
3
1
0
0
0
6
5
1
1
0
0
0
0
4
4
4
5
3
2
1
0
16
23
9
9
5
10
8
8
0
0
4
4
2
2
0
0
0
0
4
4
3
3
1
0
0
15
15
11
10
4
1
4
1
10
10
0
0
0
0
44
45
10
10
8
6
37
38
26
25
10
9
134
149
49
59
0
0
7
6
20
7
254
3
0
27
117
4
23
5
3
30
3
7
8
12
410
251
1
3
59
18
46
23
20
1
0
7
10
13
24
15
11
12
7
4
222
88
82
105
143
353
142
49
95
52
11
0
111
328
14
60
22
621
492
131
76
29
9
15
37
57
34
72
67
46
66
71
53
37
29
18
75
67
51
115
169
83
444
200
270
241
70
74
17
14
8
115
9
7
2
3
5
2
6
7
12
5
598
67
754
804
500
226
120
378
501
159
106
33
3813
3716
5880
5127
4348
23
139
11
3
9
13
13
2
4
5
0
25
3
145
6
8
2
11
27
15
7
27
30
65
51
25
104
98
49
1
8
31
2
0
3
7
3
32
38
20
23
65
11
14
6
6
7
186
65
61
73
20
91
137
5
24
17
158
110
256
70
112
52
92
499
243
153
62
79
39
48
92
12
47
96
234
1119
648
156
280
164
38
31
69
54
44
40
167
180
137
114
51
57
7
27
34
36
20
6
6
154
142
26
28
40
27
235
172
341
99
64
7
58
71
430
162
90
216
473
156
195
128
58
75
72
6
30
6
5
19
25
26
15
8
5
21
0
10
9
1555
313
374
196
205
304
239
459
82
139
217
727
53
91
441
168
81
30
26
48
133
59
84
33
18
50
225
81
19
11
16
35
33
4
4
3
2
0
2
2
0
583
1071
132
221
44
41
12
5
8
17
17
15
16
309
256
99
70
100
30
169
404
164
109
200
396
106
168
266
295
69
551
145
363
389
479
192
179
61
17
11
115
9
7
32
51
9
7
23
10
11
193
4
53
7
48
5
5
371
353
3
9
1
2
2
10
37
6
9
4
3
3
4
0
4
2
2
2
1
1
1
0
5
8
2
6
3
34
11
4
4
108
11
73
80
71
78
40
40
43
2
0
31
37
18
19
7
2
27
28
14
11
14
14
27
28
13
14
12
4
25
28
9
5
0
0
1
0
4
4
0
0
10
10
0
0
2
2
1
1
0
1
0
0
0
0
0
50
42
1
9
108
13
61
10
3
5
205
3
10
12
26
2
2
23
25
4
8
325
327
107
53
466
308
63
66
0
0
0
2
4
4
2
12
0
1
31
11
2
4
1
2
1
3947
3405
2553
3022
2
4
6
6
7
39
22
2
1
0
0
24
61
26
31
37
368
402
118
298
211
251
258
389
254
1145
149
648
211
54
231
491
179
91
109
177
123
39
50
22
13
9
352
35
0
53
50
122
43
43
65
24
63
13
20
69
25
102
20
31
166
513
29
135
30
54
42
9
60
23
51
42
31
0
15
13
13
3
5
1
1
2
2
1
8
5
5
3
4
2
3
5
3
6
0
8
9
17
18
10
0
7
13
5
3
0
0
237
25
3
24
5
21
21
19
41
15
11
19
2
18
22
16
4
13
6
11
10
1
12
3
8
16
8
5
4
4
4
3
6
1
2
5
7
3
2
0
0
2
2
2
7
3
1
4
10
1
0
5
1
6
10
0
9
8
6
38
8
9
4
2
0
3
3
3
0
0
3
18
3
3
1
2
1
3
0
7
28
6
3
6
2
3
2
23
12
8
9
7
34
5
6
17
9
0
47
2
4
2
2
1
48
3
16
6
9
6
14
7
10
10
1
26
7
27
16
14
17
27
74
0
0
2
0
2
11
2
15
29
19
11
1
9
6
7
8
14
4
13
11
8
2
2
3
2
2
3
0
8
2
2
4
13
1
3
1
2
0
2
1
1
0
0
3
5
3
1
2
1
2
2
1
4
3
6
62
8
13
21
7
3
45
2
1
0
2
1
0
0
0
0
0
0
1
2
2
2
0
0
2
7
7
1
2
1
10
1
1
2
0
12
1
1
0
0
3
0
0
0
2
0
7
0
8
0
4
0
0
0
286
52
38
33
44
20
76
51
37
25
16
18
9
2
11
8
2
8
19
8
3
2
2
2
2
2
17
6
2
8
0
17
13
12
5
28
9
12
19
15
63
3
6
6
8
4
4
21
3
4
8
11
11
7
5
16
4
5
7
2
5
18
12
1
2
4
1
0
3
1
0
16
16
31
7
25
12
63
219
16
8
19
10
29
37
35
7
37
68
47
20
24
14
6
50
44
17
15
2
8
8
6
2
18
8
5
51
12
1
1
2
1
2
5
0
1
0
354
43
499
41
38
4
11
5
2
17
11
7
5
5
3
24
13
15
11
5
3
15
5
1
1
1
2
1
2
0
2
7
2
3
2
4
12
0
3
5
6
4
6
6
0
6
8
9
8
0
2
8
6
7
0
4
1
0
0
9
10
6
4
7
15
7
0
5
18
7
1
4
2
1
3
4
6
4
6
5
1
2
8
1
1
7
0
1
212
0
2
1
2
27
1
2
2
0
37
1
3
1
2
18
11
25
38
62
79
92
47
63
118
90
64
3
1
2
0
0
0
0
0
79
29
16
8
5
8
61
30
54
170
11
20
403
40
19
197
36
38
7
19
23
6
9
6
0
3
21
231
55
29
20
18
13
14
73
74
65
66
31
35
35
37
77
62
21
11
20
5
11
5
15
8
8
4
6
14
14
10
14
12
10
8
7
8
6
7
1
1
0
0
0
0
0
80
2
321
120
48
9656
92
44
16
11
6
158
135
59
50
42
24
18
166
10
8
9
29
25
27
18
84
38
41
40
60
27
8
3
4
3
10
5
7
71
55
38
52
41
58
93
100
65
75
225
12
17
2
11
1
10
6
15
4
3
7
30
2
16
3
3
3
4
4
1
3
0
3
1
3
218
6
0
2
81
50
116
11
444
19
9
79
171
213
80
23
864
10
490
84
69
35
31
21
1534
1274
1155
1102
153
1001
939
863
868
304
27
11
202
206
691
599
571
584
775
203
74
83
97
29
77
35
43
3
24
111
27
1051
71
4
2370
1712
2282
3075
41
357
10
3
3
2
1
3
3
6
3
0
5
97
96
111
6
6
17
2
102
79
43
65
71
79
29
24
23
8
76
24
305
99
58
119
79
65
152
215
376
77
155
27
28
74
944
236
116
180
6
9
206
644
4
8
8
7
49
18
36
61
31
17
80
27
27
19
18
28
24
19
66
71
12
41
23
12
9
6
11
39
86
12
68
20
13
30
39
15
42
124
630
639
48
72
369
9
284
166
90
115
53
129
275
1
3
1
1
0
0
0
0
0
1819
182
41
78
26
25
28
94
103
47
70
387
317
107
33
59
159
118
386
119
62
50
74
20
7
12
119
158
41
77
9
2
7
3
15
18
4
3
2
19
0
0
0
11
2
5
6
3
3
3
2
2
3
2
4
569
55
3
3
3
4
5
7
1
2
0
10
0
3
415
144
23
81
33
19
10
7
145
11
52
42
97
40
83
81
566
208
31
8
1100
38
177
103
98
234
30
36
481
480
177
22
19
18
14
23
19
35
663
377
108
317
58
43
100
171
158
141
69
62
78
145
12
6
5
4
4
4
3
3
77
8
18
2
44
5
31
54
7
195
36
59
1687
615
126
79
54
11
104
1388
1190
972
500
223
124
42
954
413
331
80
327
10
411
147
55
12
140
90
75
26
12
13
7
17
13
548
232
341
110
102
100
6
103
114
55
54
37
34
8
4
2
1
0
0
1
0
0
0
4
3
0
3
0
0
56
54
52
19
7
12
1
1
2
10
19
7
0
10
30
2
7
0
0
0
0
0
6
6
7
10
8
2
1
8
7
3
6
0
7
2
4
1
2
5
2
7
0
9
3
3
7
9
6
7
1
5
6
3
6
5
13
0
566
1
1
0
1
1
1
1
0
4
3
0
0
0
0
1
0
0
0
0
0
0
0
0
6
2
1
7
7
1
3
7
3
2
3
1
208
140
165
58
46
36
140
41
247
30
35
8
12
8
26
9
17
33
32
6
28
6
48
6
21
124
12
67
10
4
9
17
13
1
1
1
2
1
1
18
16
28
20
47
29
36
34
47
12
55
109
25
3
192
55
54
61
47
501
222
157
112
128
27
4
1
2
4
4
21
13
12
38
13
64
38
16
149
57
17
55
34
284
65
44
182
211
132
27
5
16
7
130
89
8
8
179
50
36
31
354
19
12
6
8
9
28
29
15
36
0
3
13
19
18
15
14
17
10
9
2
54
1806
1192
1959
7
13
28
11
12
8
2
13
0
0
0
0
2
2
0
2
0
0
2
1
0
0
0
0
0
0
0
0
6
0
2
0
0
8
2
1
0
0
2
3
3
3
3
3
0
139
204
0
0
0
87
161
0
0
0
0
3
4
3
3
4
0
1
4
3
1
1
24
19
19
9
13
19
17
11
10
17
9
6
24
8
5
6
3
4
7
8
9
7
7
11
12
8
11
9
9
8
13
4
7
16
0
1
0
3
0
0
0
0
0
0
3
2
0
1
1
1
0
0
1
30
18
10
161
16
23
9
4
7
16
24
26
4
0
2
4
3
3
3
2
2
2
2
2
2
2
3
1
2
2
3
2
2
5
7
4
4
801
467
365
231
130
43
89
95
44
28
35
0
30
1
19
2
3
2
2
0
2
1
2
3
2
5
2
3
2
2
12
3
2
8
37
317
748
284
94
243
121
285
27
112
60
128
56
79
0
0
0
6
0
0
3
0
0
0
0
0
0
54
68
13
8
43
54
44
166
61
89
34
124
33
28
63
30
75
63
34
30
23
162
178
106
85
47
172
84
123
189
50
71
32
77
21
14
41
21
80
44
66
44
126
67
20
35
250
308
108
104
158
59
101
86
0
2
0
0
22
3
0
0
2
0
11
4
4
4
2
3
2
8
4
2
2
5
4
2
3
2
0
0
7
0
2
0
0
0
40
2
2
2
2
11
0
0
0
1
2
1
1
0
0
242
210
118
121
55
54
119
86
54
31
31
39
5
3
3
5
2
4
4
4
8
4
8
7
2
1
0
3
0
2
3
2
2
2
0
0
0
2
0
17
11
9
7
3
8
7
7
9
22
6
9
9
7
6
7
2
6
5
7
6
5
5
8
1
11
0
0
1
0
2
0
0
0
21
1
0
158
43
10
6
8
10
12
6
4
2
152
12
7
8
6
4
2
4
3
3
0
3
4
3
2
6
7
6
2
1
1
3
6
2
537
343
167
369
112
143
68
56
109
5
6
26
34
10
6
4
5
3
7
11
18
5
6
7
3
1
4
6
2
8
6
3
4
1
19
6
4
14
23
49
76
6
77
26
9
4
110
51
34
36
58
67
26
29
20
22
3
1
3
1
1
3
3
3
1
19
23
20
18
16
10
4
18
6
8
6
12
9
5
5
3
2
79
15
4
4
2
22
9
6
23
21
44
38
24
21
136
61
45
0
0
0
0
0
2
2
2
4
2
4
3
77
18
19
12
6
0
6
5
4
4
2
5
3
1
4
1
2
1
2
2
2
0
2
3
2
2
2
3
3
13
4
4
4
4
5
4
3
3
3
4
7
4
4
4
3
8
3
4
6
4
3
1
2
0
0
0
2
0
2
0
2
4
1
1
2
1
1
9
37
10
5
4
9
6
5
54
6
5
6
4
1
1
0
0
0
0
0
0
0
1
15
13
5
10
9
4
7
2
9
3
6
4
9
10
11
12
4
6
21
13
8
8
3
7
21
26
8
15
8
9
18
10
11
19
11
16
16
4
9
26
49
250
257
42
100
25
167
91
77
47
84
46
140
77
50
76
101
117
20
62
87
40
118
71
52
4
15
53
41
45
106
31
152
4
5
33
10
225
180
65
96
78
80
49
43
25
32
12
2
38
117
60
24
23
36
76
42
52
9
8
35
12
24
18
11
6
3
283
170
274
217
34
16
34
10
27
14
7
5
0
4
6
6
7
1
6
7
5
5
6
8
140
131
18
0
30
7
4
2
2
17
4
4
21
37
27
14
9
8
21
18
12
8
5
3
11
9
4
9
7
7
15
9
8
14
10
7
0
2
2
5
2
1
0
3
8
3
5
3
3
1
0
0
295
671
197
191
102
109
50
35
8
29
15
57
12
31
20
26
25
73
35
23
14
58
5
5
21
68
19
21
10
5
13
8
8
4
62
11
4
51
25
3
31
18
7
2
148
32
12
32
95
10
46
0
2
200
118
126
106
47
34
12
6
687
549
5
5
272
181
324
324
410
3
3
3
3
0
2
0
3
0
0
3
1
2
1
2
1
28
23
82
17
24
22
13
10
5
8
3
282
243
241
195
90
86
43
40
34
56
2
2
0
0
0
2
2
3
3
0
1
0
2
10
7
3
147
113
94
79
39
117
54
32
21
