197750
86097
57181
65173
13844
30773
5997
2373
108572
25660
18296
22747
32029
3016
3114
4490
18778
4254
7486
4614
1394
10885
4203
999
8107
558
15374
2003
2093
1332
410
1212
11152
645
596
366
1259
11403
7310
2384
628
2015
150
1488
762
203
147
210
161
6632
471
5593
853
444
113
358
413
8421
1903
1200
127
100
5246
2983
1259
31345
65
925
9591
1358
75
524
7615
99
10550
5451
10616
234
430
680
3153
1462
456
959
369
11972
1138
319
417
605
149
301
1460
124
9171
317
172
188
139
1165
8628
94
4507
3947
113
1366
363
18900
402
176
41123
3190
217
798
1322
120
49
107
9
71
3949
347
133
25
1455
94
3802
77
547
89
21
231
864
90
42
776
25
22
1783
127
608
121
38
33
93
1151
684
102
24
31538
434
9
88781
1226
65
34
82
35482
18808
3824
171
55
2932
9
23
94
1356
5658
1939
31
80
9
7
1760
453
590
113
44
218
309
88
20736
16377
89
385
130
54
75
1970
86
29
37
51
17421
4448
64
481
12407
85
4387
55
2024
3770
95
65
4009
330
17
5964
243
529
67
12688
3827
347
371
72
27
3526
247
132
1090
21
26
3947
212
21
18
79
256
220
30
892
836
274
1794
29457
8534
281
467
144
652
138
2102
98
590
645
1089
44
745
1452
3542
1179
2993
111
5143
265
72
675
65123
9698
85
225
1113
49
1094
3533
1372
2323
169
512
20
178
1022
3949
75
22
16
27
3024
44
69
229
270
892
18
1070
4
1353
96
273
6009
43
463
70
640
2652
2203
85
4411
795
2236
826
167
1340
417
148
197
7288
217
1115
67
2306
17369
122
116
29
630
930
231
62
13972
999
763
4418
52
1486
2154
24
785
938
3
859
636
2983
97
237
1035
1001
974
254
32
799
1403
6
4187
2003
351
240
290
131
1793
5760
229
338
76
35
145
14
79
1680
66
20
40
86
24
3583
260
9842
524
169
603
4968
97
132
104
67
56
54
412
7360
84
76
382
229
218
1820
445
165
1239
208
86
10
1409
28
3195
21092
645
2756
71
172
170
107
550
147
2209
127
456
374
149
1480
612
452
152
411
124
45
14084
65
65
53
1972
320
54
67
142
1677
305
252
576
243
78
72
236
172
1500
628
8
1146
2142
896
1237
7
2393
59
42
1999
45
13
907
60
363
124
72356
181
74
15
633
38
133
124
149
84
112
96
21741
9765
861
21
52
429
14
66
21
546
1996
1264
98
18
178
133
59
186
664
366
6426
18
115
41
78
976
125
283
104
13422
33
280
2030
424
3699
15
92
24
1501
3089
121
3952
5524
39
44
21919
144
112
104
204
6627
2158
1374
440
81
86
349
227
265
15
2045
65
35
23
440
48
3738
41
2695
452
233
38310
4441
86
249
5055
1789
15
11
24
289
17
358
16
32
238
3856
2774
1917
1558
189
60
22
1196
68
20
30
1588
34
338
126
63
1432
21
26
48
389
147
32
23
303
5
242
185
18
246
1200
1045
170
91
30
197
3
1543
82
13012
116
722
196
155
955
63
47
228
50
139
21
485
5551
1349
141
130
15
21
36
9299
440
72
254
2141
185
12064
509
17
45
828
10
7
405
70
156
93
7
27
30
6419
109
99
2360
858
49
185
27
8086
105
27296
3483
8
564
410
82
3060
161
1091
270
32
132
301
107
899
548
1539
3166
692
3969
49
52
11234
24
17
15
19
349
40
44
237
37
94
256
287
827
55
81
95
2642
14
2304
31
52986
17
14689
4199
2906
31
17
171
20
109
19560
8626
101
9
601
3713
1507
3030
16869
1827
814
1772
5417
190
57
5243
6708
2094
34
24
254
890
71
998
405
8855
86
388
1258
325
764
190
70
2132
5296
119
55
5129
3874
192
520
228
73
35979
70
906
1022
157
959
13291
490
3192
180
151
10619
362
5203
277
1502
162
116
1465
1141
45
335
6667
1223
352
2571
29
166
10369
593
2452
7562
2043
615
3092
271
334
159
29
6535
257
483
195
129
71
73
8891
17
9
4
562
2
490
304
82
6
257
212
421
18
76
1678
53
1022
36
8
56
4
57
37
4850
123
128
2773
1182
33
178
63
87
158
20
6
111
69
1003
810
11785
46
96
23
2601
352
78
901
116
89
11
83
254
200
5768
948
1195
16
7
4
1294
55
158
22982
23
25
22
0
11
25
72
499
68
323
47
20
4
18087
242
54
130
54
181
11
113
63
130
8
126
5818
184
9
122
117
143
7
966
46208
3597
6860
12877
18629
62
6032
2235
33736
10627
59637
268
1511
9066
17
37714
244
23284
22505
699
14762
2589
15030
3598
7885
1837
1964
118
626
709
93
6770
1413
2515
1413
15
525
1068
557
98
303
2503
23
2842
394
259
6591
4158
8408
11247
6224
21
1292
111
0
224
74
739
3501
10761
28384
110
260
2662
104
969
35
432
22668
100
220
1332
11133
7673
4
760
48
517
5
121
125
55
444
413
9888
8734
7
9
295
179
7540
19250
666
85
5080
760
144
13
852
25
68
485
1473
2345
286
91
1195
20
521
0
2016
101
97
247
860
363
39
13
43
22633
94
259
193
0
47
155
380
51
23
143
2953
875
21
12
63
99
42
42
225
134
325
79
0
69
12
210
608
221
71
3049
379
599
735
25
155
258
18
26
1014
254
54
2415
352
590
458
48
499
56
9246
462
11998
147
62
9
180
378
1633
50
11
186
13976
1312
4828
66
28
2
76
642
45
575
18
20
33
48
33
10
114
72
3
15
5
411
43
577
15633
11
180
644
124
588
117
622
1006
176
3035
8
432
10540
7
0
151
3294
2526
2058
1890
438
47
34481
3668
25
1701
901
2802
3531
10527
2946
5759
10834
810
6481
1735
232
861
59
3306
19
198
48
49663
116
216
0
108
724
431
2491
57
4620
7
66
788
206
35184
896
72
211
224
60
150
588
12
440
79
17661
421
388
53
1268
1223
663
1257
7
157
937
7787
52
69
427
38
63
699
10168
295
0
4029
1220
1319
7358
155
441
2596
8
351
171
1411
5990
115
39
2037
145
50
619
111
1191
0
5312
4627
8985
660
533
21
380
949
1438
253
4
10892
764
3835
147
90
1250
0
1630
2
172
221
187
15
1
88
36
25
0
7
1343
109
50
22
471
2
237
5
802
574
23677
20710
24388
1311
7
9
14
1186
137
4670
1214
1070
414
1410
788
24359
17
448
1938
67
8
2011
2158
93
37
21
375
114
297
100
36
44
50
34
5554
10
27
53
32
1393
74
1131
425
57
18
2644
3116
231
40
3414
26
13
18
108
3900
17
24
7328
5821
1222
5
4
1
41
13
31
383
12
441
76
515
61
93
103
27
167
82
76
727
173
0
0
249
482
19
274
74
34
118
30
300
75
255
1628
661
29
133
70
625
115
9074
174
741
2223
491
988
250
834
475
106
1844
198
725
7655
125
1750
311
969
3
85
41
559
46
91
89
14
143
36
886
4195
2802
63746
53510
43442
37983
16087
9344
10339
9181
8522
5758
17200
1548
337
289
1070
293
160
9943
4434
2857
2937
250
2750
558
11
733
830
499
247
2855
17799
587
5321
64
884
3650
100
6372
4150
2086
487
1198
5443
1023
3292
16
1789
2186
148
740
106
72
13326
4065
1459
9956
971
2374
505
15
317
394
128
6003
2427
4055
15892
1293
3506
603
300
14
26
3256
11418
923
424
2197
397
2112
382
168
68
5
5685
4300
7
8869
4116
1103
682
2858
6206
3283
1346
3821
166
986
1048
64
94
767
91
422
47
136
103
34
82
727
1346
822
635
1097
146
1548
147
8141
4767
167145
37216
2806
1572
315
7460
4306
1102
3703
3516
917
3075
857
742
373
319
12631
694
181
9076
27741
3000
39600
12738
19310
1083
11718
159
913
348
3895
5162
10433
1799
2497
3817
1093
509
146
996
310
93
140
291
265
2921
44
0
3590
27245
4134
1243
16392
3305
665
328
1831
810
3186
2987
1644
4507
26
38
4721
1068
3027
2711
79
353
658
4741
1661
4062
1351
16
789
4259
1389
4643
319
153
2614
9139
8
417
481
145
253
30
431
45
984
498
1169
2119
3489
2822
23
59
3724
2354
33454
3628
2089
3311
1881
1226
845
56
22949
239
5
15
22
274
24
64
3
508
58
4
23
1966
0
50
208
21
1907
278
90
1241
324
1361
507
29
26
1579
659
89
195
6
204
24
20
2
2434
568
116
83
4
399
0
1147
14
1296
685
13
10
0
805
22
15
192
1260
89
62
0
338
31
0
1
226
2139
61415
3104
91597
50321
8420
3527
5204
27376
21215
10910
34566
44124
4426
7138
2981
2257
132
157
936
64
14
18
3
1
8
160
28
2
17
22
12
1733
11739
6313
312
138
51
1231
69
62
1693
367
182
436
426
95
2647
1252
1606
127
36
229
40
105
4203
644
649
195
108
1568
26103
367
51
9
458
1483
217
3233
41
261
45
1505
315
165
469
1293
116
3256
1169
2871
201
49
17
694
276
974
227
129
17
43
30
247
37
1
92826
1782
2617
3043
475
157
2811
5315
2079
764
161
41
4135
783
211
488
285
12
3004
1598
123
216
104
179
2120
3911
531
451
181
30
13807
1384
126
486
1913
32
5943
230
827
756
1165
204
67
4
3990
222
254
2429
47
254
630
228
208
119
117
18
713
493
139
76
313
26
7208
2164
894
659
66
9
16505
1309
1244
151
2191
2
3971
139
1067
336
28
22682
1811
191
374
123
59
15
327
47
202
88
2044
23
1993
749
3795
156
85
132
945
17201
2528
36
80
24
24
2512
1634
80
11
14
6725
1115
61
7
4030
232
1805
7555
873
887
132
24
4840
1721
119
28
177
112
112
101
504
58
386
72
1772
999
5606
399
824
145
1961
2804
238
70
237
179
485
812
291
92
69
27
1602
1745
994
285
77
393
2171
661
393
603
144
212
2222
126
145
2266
348
200
4446
19
18
382
548
3924
63
243
1172
502
314
182
26
1407
1686
132
239
99
2199
1907
876
2477
399
273
292
2873
660
221
184
552
236
6811
4047
1156
1344
210
30
4365
7852
1039
12982
1246
530
2322
1771
1507
172
2480
346
66
20
96
383
61
101
493
1084
585
912
4510
582
14
61
16
44
4900
312
27
114
33
936
10
20
0
191
86
72
101
32
33
550
27
146
13
60
157
550
1482
2503
225
2648
13
59
1123
4
85
90
54
223
16
49
103
4
3
41
7
44
14
45
59
5
96
3
432
357
12
4
8
6
74
56
67
21
8
8
2
1
18
98
34
100
57
14
4
29
45
60
8
38
15
2721
249
176
0
50
2
15
16
8
312
95
2199
59
116
46
38
325
29
39
1695
2
165
517
17
24
15654
8
86
76
1
15
6
3706
1
8
14
1
0
94
103
111
3
28
524
182
27
105
877
7
4
7
11
156
43
0
49
18
2
2
0
192
4
6
223
70
4
1
24
13
3
26
23
1
9
1682
446
297
129
47
31
48
32
49
212
81
316
5
35
37
10
8
11
6
0
305
455
79
124
16
27
12
35
42
82
32
10
10
48
18
5
24
161
635
0
3
6
11
0
0
2263
240
80
451
193
328
1
46
264
38
50
16
55
52
56
13
24
122
1
11
4
835
23
4
93
151
372
2
31
71
4
39
4
11
0
52
45
4
66
7
57
0
0
337
235
1123
0
2
0
12
0
5
2
1
3098
168
0
6
27
1
5
0
5
1156
0
0
15
7
0
0
0
161
53
0
9
254
4
0
0
0
12
2
265
11
9
86
61
4
40
0
0
40
33
40
6
40
5
5
8
17
3
4
156
14
15
2
85
9
4
5
3
8
7
6
4
5
70
128
592
362
58
6
14
13
222
21
29
1
30
0
0
0
35
141
2
3263
40
104
111
10
1
767
90
0
35
210
28
11
0
527
5615
130
286
45
2961
308
53
61
10
18
19
92
19
145
7
1884
100
9
12
11
477
3
328
2
12
32
11
261
431
2
51
835
446
176
37
4
486
27
14
3
85
48
94
0
2
1
372
40
46
18
2
0
20
0
0
2
0
0
84
0
140
0
29
0
0
13
5
0
111
1
1
0
0
32
7
3
5
0
55
159
0
2225
9
319
19
2
41
17
41
6
15
61
14
3
1752
3
10
11
4
20
1
28
119
427
253
46
1304
358
86
10
365
30
0
49
237
180
1
0
9
3
19
92
59
97
64
19
1666
30
22
93
21
45
18
33
7
1
6
44
2
96
149
62
8
37
40
8
4
7
44
45
21
10
2
2
1
0
624
4
2
53
37
111
43
10
2
1
16
2
1
3
10
12
64
1
434
0
3
13
27
1
1
27
5
1
1
3
1
7
1
9
1
210
576
3
0
2
3
12
3
20
2
3
0
106
509
0
54
0
0
0
10
0
0
0
0
1
0
0
0
16
2
15
0
2
2
0
5
0
4
726
0
8
8
2
65
0
2644
906
10
304
10
188
0
0
0
70
41
112
2689
2
8
34
62
30
52
16
21
348
18
16
821
0
17
5
2
11
83
14
0
41
393
43
0
1213
207
46
3
0
803
3372
1564
237
95
176
138
74
8
32
52
164
54
49
20
22
53
281
113
66
119
40
5
668
86
58
153
67
1402
17
50
171
16
13
29
17
1
6
21
2
1
1
1
58
280
0
0
0
0
4
0
5
0
0
0
0
2
0
29
0
3
0
0
13
0
9
5
5
5
142
167
3
2
6
5
2
3
2
6
7
14
6
2
2
20
1
81
1
2
5
6
16
3
9
18
3
1
13
336
1
0
0
6
1
147
10
78
0
0
767
63
125
6
3
4353
13
88
0
3
332
1
36
0
3
0
0
1
0
3
28
0
0
3
0
2
1
2
3
3
5
7
0
1
29
0
1222
66
0
24
1
0
0
10
0
0
0
3
0
0
10
1520
806
25
1
1749
8
4
1292
183
34
84
0
27
0
0
24
2
11
0
0
1
442
0
0
4
2
4
2
3936
0
566
0
6
69
4
9
54
81
2
0
0
6667
1481
2
1150
0
3
3
0
5
25
78
132
106
11
45
9
83
2
119
55
65
3
503
43
171
70
18
102
138
261
542
0
2
16
0
200
24
6
172
0
5
24
1
1
2
20
1
1254
1
2
250
1
0
0
3
2
1
1
2
1
1566
4
2
1
3
2
5
0
0
2
0
3
0
9
1
1
93
0
0
0
0
4
2
19
63
31
5
73
9
45
2
12
0
0
1
0
0
61
0
1452
1
0
3
2
56
2631
0
1
98
100
3
0
48
278
10
9
0
2
14
85
0
0
4
2
9
118
0
0
9
6
8
61
395
244
40254
8
10
94
363
4
0
14
0
9
1606
321
0
11
476
0
0
4
4
3
0
124
5
4
12
1
182
0
172
20
890
120
41
1142
43
0
1
950
431
24
626
8
894
0
2
3
1
0
2
135
112
10
3
23
0
21
10
3
1
2
1
3
0
186
38
127
5
45
16
10
17
0
7
38
5
6
1143
207
14
27
12
36
23
146
15
39
46
565
563
9
2
6
3
2
0
43
9
0
8
3264
7
106
3
16
4
6
1
0
0
10
1481
3
3
18
0
4
3
4
13
3
4
6
6
14
10
3062
0
0
0
0
3
0
0
1106
0
0
3
0
6
0
7
0
0
5
3242
0
0
15
3
0
0
0
0
0
0
3
0
5
0
0
0
0
0
0
1
0
0
2
0
11
10
23
0
0
0
0
0
0
0
364
37
0
1
0
0
0
4
0
5
0
0
0
0
0
1
113
741
1
3
30
109
3
0
21
0
23
134
31
1
643
0
5
3
32
6
130
1
4
11
161
4
73
0
0
678
142
2
0
0
741
1
0
4
0
0
4
16
5
174
1
3
0
2
0
0
483
4
0
0
0
0
157
65
1
0
13
1
5
17
94
1
0
0
197
1
3
0
24
0
1
0
0
0
1034
0
0
0
31
2
7
0
3
13
0
13
0
1
164
2
1
5
601
0
1
0
0
0
0
0
0
1
2
7
1
4
29650
3
14
9
88
11
94
26
0
28
0
0
0
0
0
1
91
1250
4
2
1
0
1
4
0
2
0
0
2
0
44
0
25
402
1
5
0
2
0
1
0
131
0
1740
1
3
0
3
0
9
0
0
0
1
10
0
0
0
0
48
0
0
0
0
0
0
0
413
0
0
5
0
0
0
0
1
0
0
25
0
0
0
0
4
0
0
0
0
0
0
0
0
909
62
57
102
2
0
0
0
163
0
3827
552
85
0
0
0
1
2
0
25
733
1
8
0
2724
6
20
3
27
25
3
683
0
0
513
8
3
3
0
2015
0
2
0
47
0
20
1
0
0
280
2
0
4
0
0
0
206
0
0
0
0
0
0
0
46
0
0
4
0
39
0
5
0
6
8
0
105
6
4
0
6
0
0
5
1
6
0
15
12
36
1
23
1559
68
154
4372
428
68
85
0
1
391
28
19
625
38
16
14
26
13
7
0
366
0
266
70
0
0
0
39
0
9
5
6
8
1020
1
0
0
0
0
2
805
516
6
3
27
2
0
3
8
273
0
4
3
11
3
1
6
15
6
11
1
12
1
17
2
1
2
4
11007
1360
18
3
25
8
6
4
10
3
3
12574
8
23
12
3
11
10
36
1
0
1
11
3
1
0
0
0
12
1
2
1
10
0
0
2
5
16
0
1270
10
21
88
31
0
0
612
3987
303
31
431
24
3
18
97
35
57
73
69
74
524
58
10499
564
3
3
0
40
28
257
870
75
11
92
920
16
1
29
1
2734
5
1
2
41
9
17
0
6
1
86
130
280
5
592
1
36
8
10
205
7878
11
1239
22
0
50
78
26
555
6
3
3572
0
1
15
0
0
59
27
51
0
1180
47
7
150
6
16
3
0
0
0
0
0
8
2084
30
5
16
4
7
0
10
0
60
0
0
0
0
35
120
8
20
8
8
3
83
0
4
0
0
0
0
0
2
0
0
0
18
0
4
0
2
0
4
0
5
5
4
1
10
4
2
0
0
0
0
6
0
0
0
3
0
7
1
0
0
0
0
0
0
0
1
0
0
0
3
0
0
0
0
0
1
0
4
0
0
0
1
5
1
0
0
0
9
1099
183
7
30
3
0
0
0
2
0
22
0
0
8
2
0
0
1
0
4
0
0
4
1
0
0
0
1
0
10
2
3
0
0
2
1118
727
1257
3859
23
10
772
2509
22
150
61
28
64
156
9
23
23
15
5654
5981
4420
2437
3049
1455
2135
961
45
130
2729
7
15
541
251
33
11
15
11
36
5
12
1
142
3
2
211
5
2
8
241
64
3
20
10799
221
0
0
0
6
0
12
22
69
0
0
0
0
0
0
0
0
2
7
0
0
1668
0
0
0
2
137
796
343
10957
7
2
12850
220
16
28
7
4
2
7
36
7
11
3
3
3
63
1
244
9
2
21
6
2
13
5
0
4
7
0
7
0
8
255
161
121
99
682
72
44
53
10
46
11
11
22
21
163
47
39
13
1431
0
86
216
56
12
12
41
56
619
26
16
9
47
14
325
1547
1195
871
2596
473
186
217
174
146
3217
1163
96
110
20
111
75
39
26
38
62
5800
287
528
414
53
52
454
79
113
109
12
1814
908
241
6611
892
108
150
4469
904
3685
838
519
192
44
610
775
1734
79
26
14
20
4064
5731
2012
90
146
23
18
2047
3757
3888
36
113
1015
1108
924
26
2007
143
991
14901
962
1297
81
930
121
76
404
94
1316
454
1069
41
3329
19
24
26
0
0
0
145
183
160
4
0
782
69
1149
651
12
13
5
1313
442
14
7
4
189
2059
28
7
158
46
91
11
49
12
7
14
19
12
11
6
599
1146
5
4
135
31
4
482
79
10
3
72
8
1362
16
1
2
3
1
373
3
1
2
5
6
2
1752
0
4534
88
1520
14
1
1047
1
2
2
5
176
4
5
2
7
2
156
3
24
7
4
6
9
1
27
0
1
4
1
0
0
0
4
0
3
0
0
2
8
0
0
0
0
0
0
0
0
207
0
16
2
1
1
1
0
0
0
0
0
5
5
20
1
6
0
4
0
1
1
1
1521
11
9
3
9
5
0
16
4
15
6
1770
9
2
14
63
6
7
2
0
4
7
73
134
67
81
75
2
132
12
64
477
150
86
42
73
61
45
336
17
13
15
21
33
31
20
44
43
27
15
31
31
37
24
21
7
58
40
18
41
34
19
28
5
26
11
4
11
27
8
52
3
77
9
15
98
10
27
17
41
21
14
17
26
47
65
89
19
9
119
172
3
42
32
417
138
18
6
5
18
22
19
37
37
811
34
13
373
82
21
32
84
29
54
34
956
42
18
20
13
125
25
390
18
538
64
42
139
24
56
117
55
39
52
67
28
72
136
51
73
36
46
52
24
23
11
20
41
44
37
72
59
28
18
17
41
51
24
62
70
146
35
18
34
94
128
8
45
30
54
26
23
20
60
24
35
22
61
32
27
15
20
17
31
15
54
26
40
153
61
14
54
54
58
31
32
15
21
21
5705
7
10
6
8
12
4
5
6
10
50
2
101
14
13
38
14
27
32
48
18
48
47
19
28
35
21
15
2
8
4
7
6
8
13
8
33
23
30
38
9
37
63
40
32
11
12
7
10
15
15
46
67
11
29
16
1
5
43
13
9
7
73
32
19
10
0
11
6
8
7
0
11
8
23078
9
33
14
78
16
4
22
14
48
0
5
54
32
0
12
21
58
14
7
7
11
4986
1230
0
139
90
187
2
0
0
6
46
1
6
7
168
58
7
5
7
11
25
14
42
21
12
2
10
45
127
11
1432
56
11
1
13
19
83
29
16
5
9
92
24
839
41
0
13
109
38
245
32
40
76
17
32
72
393
9
58
45
50
25
22
20
4
93
30
43
147
173
102
81
40
36
83
63
93
107
71
6
397
16
31
50
37
24
161
12
28
9
118
10
10
7
9
45
52
11
33
14
10
20
48
16
149
24
51
1041
35
67
35
41
101
104
97
188
326
165
141
96
34
37
108
54
31
126
61
63
43
44
35
0
28
40
70
39
10
67
13
1695
18
187
90
2
0
20
406
1
33
13
0
0
2
0
0
0
0
0
0
12
8
3
18
4
64
5
7
56
1
0
0
0
3
0
0
16
0
0
3
22
8
0
0
24
0
0
47
0
29
5
12
0
3
5
0
2
23
0
3
3
2
2
5
0
10
7
6
12
37
6
10
0
3
29
191
2
0
1782
1108
3
704
19
4
0
2
0
5
5
0
11
3
0
0
0
0
2
4
1
3
0
0
4
1
0
62
24
63
5134
10
40
76
21
1
0
0
16
9
0
5
3
8
50
68
0
1642
0
2794
21
5
2
2
3
3
1
3
2
0
93
2
8
11
0
0
0
0
0
0
4
3
1
13
0
0
0
5
0
1079
26
0
3
17
0
5
3
17
0
46
0
0
0
0
0
0
1374
0
23
0
626
121
51
0
0
2
0
12
0
0
0
0
15
3
0
5
194
0
0
15
0
57
0
0
82
0
16
0
0
16
11
0
6
0
0
0
0
209
0
1
1
105
0
14
8
8
17
1956
8
1
155
61
1624
23
184
54
46
4
5
2
4
3
1
18
1
90
4
42
9
21
0
0
0
14
7
3
6
22
2
1
0
63
10
0
5
5
0
11
2
3
1
8
6
291
0
3
3
0
3
11201
110
0
0
0
0
0
6
0
14
1
1
6
6
0
0
24
56
7
110
140
0
277
6
0
76
1
66
3
0
1
64
599
9
1
5
1
12
2
15554
3
34
5189
21
4223
14
6
2
148
23
18
195
55
4
13238
17
68
2
32
3
12
0
5
48
79
4
103
91
0
14
21
16
5
5
10
0
0
0
6
0
0
1
0
5
3
43
6
7
3
4
2
3
0
27
0
0
0
0
7
0
0
0
0
2
0
0
0
0
0
0
0
0
19
83
0
0
0
3
0
0
0
5
34
5
0
0
0
39
1
0
1882
2
2
0
0
1
0
0
2
0
2
0
0
3
0
0
1
4
4
2
2
5
0
0
0
4
1
4
0
0
3
1
0
0
0
0
0
25
0
30
0
0
24
2
4
0
0
2
0
0
0
0
0
0
0
1
0
8
9
7
0
0
0
10
2
9
3
5
0
30
327
10
769
28
3
6
655
4223
2052
1439
522
283
1866
0
9
0
0
0
6
0
0
0
0
0
35
46
5
33
8
4
8
4
8
29
17
89
26
10
104
32
31
21
2
8
0
78
14
15
0
0
0
10
3
0
0
0
5
0
0
9
2
38
1
3
10
28
36
226
169
83
68
64
56
87
66
21
71
23
3
12
28
695
8
22
0
24
2
1
2
0
121
65135
85
10
7
0
2
0
0
20
0
0
0
9
10
0
0
0
0
0
0
0
4
0
0
0
0
0
0
0
0
0
3
0
0
0
0
0
0
0
143
0
0
0
0
0
76
6
1
7
0
0
0
0
0
0
0
144
124
41
32
116
140
20
37
0
1
17
20
0
0
0
3
4
8
3
0
0
0
10
88
5
0
10
7
0
8
0
0
0
33
0
4
0
0
4
1
1
8
118
88
1
0
0
27
337
27
0
0
10
5
2
5
0
7386
20
0
7
4171
1650
508
295
81
63
14
0
61
37
730
411
0
4
13
2
3
8
0
0
0
0
8
0
23
0
0
1
304
0
0
1164
153
468
109
1
4
30
11
0
0
0
2
603
0
0
1
0
17
11
0
26
7
0
3
177
8
40
0
2
6
4
2
0
0
41
4
1
0
22
0
0
0
0
8
7
5
0
46
1
0
67
11765
8
4
6
0
5352
6238
15343
2546
2030
2499
2279
397
584
45595
673
3655
3386
0
18
16
67
8
224
1
82
11
5
9
0
0
0
1
105
146
29
13
25
561
8
4
6
75
3
0
19
0
22
41
0
31
72
123
518
3
12
9
810
18
2
22
0
4
549
92
13
8
10
7
27
0
17
0
0
37
7
50
27
0
3
6
27
2
0
6
0
0
8
5
0
9
7
36
44
4
0
0
0
4274
20
0
3
0
4
9
2
3
22
6
0
2
0
48
138
1
3
0
15
276
0
1
26
0
114
3
0
0
7
2
4
3
18
78
1
5
44
3
12
3
17
15
1
2
52
12
10
2
6
3
1
24
10
66
2
3
4
0
6
0
18
0
1
4
0
3
0
0
1028
38
61
2
188
33
0
32
44
0
19
18
26
10
6116
27
85
24
170
72
15
32
0
0
837
0
0
1
0
134
6
15
29
6
15
839
11
131
0
0
3
459
41
17
20
8
32
65
17
3
7
46
248
224
172
51
121
96
26
0
1404
0
1
2
1
0
0
0
0
3
137
0
1
36
20
0
35
12
0
2
0
8
188
88
12
1
6
9
0
0
9
7
14
6
0
8
10
0
5
6
11
3
53
2
6
13
3
0
5
175
244
131
89
258
426
100
11
45
5
6
65
13
20
0
17
25
0
8
6
6
8
12
0
18
8
17
5
36
12
262
0
14
4
10
5
0
4
0
0
0
0
0
0
4
0
27
51
31
2
0
12
0
8
0
0
0
4
2
10
7
5
0
0
0
3
0
2
6
2
8
21
6
2
7
0
6
0
107
11
2
64
2
20
5
128
2
3
40
12
26
6
0
2
19
9
0
9
19
2
7
7
0
2
11
14
0
0
17
0
6
32
67
28
0
26
0
3
74
2
62
43
0
29
13
23
11
6
250
126
0
1
6
0
7
2
5
22
3
0
2
3
85
20
13
120
29
116
137
9
35
19
15
37
83
81
12
35
13
12
11
20
61
0
0
130
17
0
5
5
4
4
0
2
7
10
9
21
0
4
6
0
13
15
0
55
24
0
33
4
0
4
27
23
5
2
0
40
26
0
19
62
20
2
35
41
39
51
15
29
4
16
13
12
21
1
13
153
81
69
55
32
27
47
27
59
82
46
73
100
71
54
6
481
23
39
24
12
184
19
6
9
19
53
35
14
52
37
17
63
16
31
99
4
12
50
26
122
21
119
81
40
57
18
5
28
43
18
54
25
27
43
74
9
3
14
15
20
14
33
11
9
11
17
22
12
35
2182
145
55
0
0
0
0
0
4
0
1
3
0
0
0
0
37934
1135
2
281
734
36
16
5
14
24
19
5
19
5
18
0
9
34
16
22
6
26
28
7
12
2
0
3
0
1
7
0
7
6
0
0
0
0
0
0
0
0
0
9
0
0
1
1
4
0
10
0
0
0
6
1
0
7
8
4
5
168
2781
304
3130
632
652
33
204
143
41
68
154
101
14
87
0
95
111
41
3
0
262
247
699
1092
179
209
788
697
105
234
143
0
698
343
288
306
75
0
470
0
0
0
1205
89
592
0
0
256
0
0
0
57
77
298
0
30
259
65
0
0
0
2
0
307
153
0
0
0
0
0
0
0
65
0
0
171
0
0
0
0
894
0
0
0
0
0
0
0
0
26162
10
0
0
0
0
0
8
0
0
0
0
0
0
71
29
1104
30
41
187
13
6488
1920
596
708
3950
1100
153
1910
115
0
50
0
0
823
0
0
0
0
35
0
0
0
0
0
0
0
807
1985
74
1451
240
846
39388
150
38
1957
0
20
0
14864
9595
44
0
214
0
0
0
267
0
513
0
0
0
0
0
0
0
157
0
0
0
0
0
0
0
0
400
1154
0
0
0
0
0
0
0
0
0
0
0
0
0
0
0
0
0
0
19
0
0
0
0
0
0
0
0
1512
454
131
122
378
485
296
125
3247
3458
2401
0
0
0
0
0
0
2021
840
28719
48
4
4
8
2
0
4
0
0
23
0
0
0
0
0
78
2
19
3
4
1
4
0
0
1
0
0
0
20
0
0
0
0
0
1
0
0
0
10
0
0
2
0
0
11
1
1
11
72
12
3
8
3
20
36
5
130
56
0
3
5
0
2
45
785
0
0
0
0
15
7
1842
0
0
0
247
5
1229
575
136
4322
158
1032
28
8
15
14
74
180
23
31
6
0
0
3
0
3
2
0
0
0
600
40
14
108
9
7
9
4
1
0
64
1139
70
226
3037
155
153
1314
326
19
20
14
2141
885
1247
13107
7975
189
335
9
15
9
9
2
9
37
60
45
7
697
0
49
34
19
69
80
75
54
58
15
60
59
35
59
3
38
11
28
71
69
119
99
76
340
0
20
26
1454
131
77
75
45
77
16
1
8
0
0
64
40
0
3
49
27
0
35
1
17
3021
55
394
149
258
27
805
345
1554
2751
55
421
4981
75
26
33
36
186
93
258
63
50
30
268
61
132
137
149
107
944
65
98
20
32
11
25
9
4
11
12
101
110
294
1647
23
40
20
144
58
41
668
689
39
265
909
27
2688
577
34
2362
2358
1
11
0
0
0
0
0
0
0
0
0
7
7
0
0
0
4
17
0
0
0
20
25
11
7
3
1
1
4
1
5
84
255
193
425
618
52
6406
28
4
11
55
10
7
6
10
62
220
477
18
6
385
45
195
37
13
2
139
16
11
20
9
0
49
71
7
1800
0
216
0
0
1188
18529
0
1457
549
19995
14357
4
129
767
957
424
149
6
35
45
76
18
42
69
31
38
36
18
97
4
12
83
312
376
18
58
144
220
3140
82
118
39
46797
5
12
546
24
13
5
275
2591
3395
8
14
12
2
258
12
17
17
5
2565
806
435
509
868
123
9
20
514
68
671
45
47
106
21
15
36
42
30
1765
198
21
75
83
5
0
38
37
57
911
81
89
48
1323
30
5
80
3
40
16
188
80
23
6
30
2
4
7
14
19
32
38
151
22
50
58
55
19
647
2811
724
56
58
4
7
4
330
2
32
89
16
20
27
16
20
18
16
25
52
16
6
39
10
10
10
15
3
42
10
14
0
6
1428
17
128
7524
81
41
179
30
95
42
29
16
76
666
0
2008
618
289
74
57
28
75
11
248
61
37
22
18
0
62
55
42
21
40
26
22
158
43
37
45
26
30
38
4831
4929
4279
2279
2481
1720
1658
1368
995
1223
12355
84
94
84
51
35
31
3
0
0
0
2
0
1
1
1
0
0
2
4
5
3
51
246
68
12
6
2
3
85
2
0
38
0
2
0
1
0
0
3
0
126
0
375
3
8
4
3
1
1
33
2
15
30
4
17
105
6
2
22
18
3
551
318
414
5
6
6
0
0
2
389
16
512
205
384
10
228
4
13
0
14
2
0
3
0
0
16
21
3
17
10
0
15
17
10
0
0
53
87
55
141
108
40
94
140
39
56
16
67
48
18
34
75
41
0
4391
743
14308
337
336
1351
46
12
50
204
80
355
45
701
71
72
97
79
70
9
3
46
2
8
10
0
3
1
5
0
276
3
8
0
0
0
4
0
5
0
0
0
4
0
8
1
1851
50
26
12
141
58
37
31
59
3145
496
192
13456
417
189
15
30
3
42
109
70
28
41
10
75
45
26
70
303
7261
70
25
18
147
34
16
69
23
45
57
21
39
21178
593
224
17
92
4
43
48
34
23
44
20
55
64
49
57
33
127
10
161
0
251
3
40
11
7
13
221
717
185
137
94
57
62
58
141
28
10
5
0
0
0
0
40
32
429
6
4
3535
157
45
15
22
19
3585
1961
1649
180
96
90
119
0
69
28
29
162
35
100
95
25
12
174
68
88
1
0
0
0
0
0
0
0
1
0
1
0
0
0
0
1
0
1
5468
4492
3559
2909
1090
4524
2236
7929
2012
2558
1325
3496
6740
80111
1188
1025
115
72
101
1508
852
52
78
100
15
698
3
1
5
3
3
1972
13868
385
3146
410
6151
4605
862
2068
583
177
202
207
54
139
19
9
22
23
147
5
145
40
13
40
21458
1873
1245
5184
3367
1060
1764
301
632
105
26
36
130
599
13
624
392
36
3
65
60
45
584
558
43
572
36
177
5
17
54
219
1154
9
62
14
79
34
32
2
131
10
0
0
0
0
8
0
0
20
36
0
11
4
55
2
7
0
0
8
10
10
8
6
41
10
16
2
5
246
48
184
15
39
19
56
13
101
62
39
125
139
65
26
52
79
42
14
46
1
11
9
41
8
1
11
22
36
2
35
204
24
8
56
71
22
14
30
5
17
181
71
101
41
34
63
8
56
12
46
16
43
43
39
2
33
3
37
65
67
14
31
36
1
425
0
128
7
3
21
5
0
0
9
0
71
23
20
22
18
11
34
21
70
20
12
36
125
17
1520
12
0
0
145
22
7
9
9
0
1013
1099
109
2066
329
822
714
562
73
32
165
48321
192
54
14
494
39
89
12
97
6
11
19
13
21
0
109
0
4922
0
0
7911
0
916
286
129
699
0
0
1
10
0
185
2
218
114
10
10
57
319
2
116
865
296
1273
90
210
89
29
26
72
21
88
40
35
11
17
30
39
25
26
74
34
51
17
44
12
11
13
25
15
33
83
26
361
50
211
108
10
58
208
74
56
166
0
12
0
4
36
23
69
151
36
641
53
74
147
245
87
66
53
242
96
43
228
23
31
22
280
963
199
407
363
67
20
199
913
62
21
29
48
170
63
41
69
24
21
48
2
36
25
17
17
71
62
43
62
7
53
1560
397
356
4
193
2
19
9
62
113
17
4
18
19
0
40
1116
27
493
126
29
15
41
36
100
11
4
15
0
8687
50
12
9
6
48
0
8
9
1
1
7
3
79
47
107
28
143
40
3
117
9
26
11
33
6
22
74
71
17
11
247
15
102
37
26
26
21
55
152
238
112
51
454
128
376
185
165
108
21
16
29
22
40
30
2
24
16
5
84
69
31
119
142
71
111
117
91
199
17
12
12
17
43
10
33
32
7
19
11
14
1
20
7
8
2
49
16
319
5956
12
10
410
40
13
5
2791
412
766
97
1449
47
669
113
178
45
98
42458
156
185
109
207
152
69
177
22
90
192
27
24
35
148
27
3
14
149
17
27
43
18
20
62
2
130
153
35
312
78
88
309
158
67
32
25
310
90
7511
237
77
57
21
40
102
69
32
361
1244
1341
32
15
37
2060
149
1593
173
147
0
38
33
41
29
68
134
33
93
58
37
88
23
18
48
99
109
6
43
6295
6870
13141
5905
2506
1128
1561
2190
403
355
2764
10120
27988
1195
1230
881
1583
11107
14923
9554
53875
11219
8035
8654
2269
2084
1722
10295
8018
4252
1909
44990
1690
1943
0
3473
1997
6038
1149
2370
1012
205
1726
180
102
760
36730
25351
147
284
125
68
89
30
32
96
61
64
33
34
56
338
5
4
63
14
698
606
10627
3853
6451
56576
4505
41362
12711
904
7592
319
61
138
189
101
309
370
216
74
697
5727
15
62
375
22
241
111
26
33
236
22
37
91
55
37
57
22
17
15
20
57
74
16
3
6
18
22
60
31
18
45
74
164
80
87
50
94
4420
415
404
307
367
332
304
216
272
392
391
857
264
242
299
263
13823
12362
229816
13032
492477
1653950
11184
9431
18906
23178
14172
11667
75
44
108
191
127
24
60
26
28
14
29
11
18
10
11
8
39
13227
7476
3394
8271
54
171
372
421
114
189
467
381
66
3433
257
2487
3426
5014
38430
2963
4596
4717
586
787
2267
1514
1028
43655
5088
1996
674
18
5820
20930
5406
1323
56
409
86
58
54
117
30
661
6
1
1
3
3
1
12085
9752
1601
1085
547
43
23
17
0
193
14
3
1
157
89
0
37
87
59
48
127
21
20
0
0
412
13135
11735
4909
9694
14716
16540
28957
7262
11699
98
14959
1840
41
6268
33
3169
16
95
13
7694
2815
1780
123
3262
16
17
1
7
1
30
6
12
4
49
8
135
18
101
46
47
47
22
44
24
667
23
79
369
73
39
414
1239
49
132
48
50
8
612
78
16
9
75
343
6
320
47
24
2
29
27
98
13
48
13
25
94
170
52
25
75
4
26
13
4
100
27
46
584
33
11
17
0
16
177
0
1
12
3
38
0
5
14
44
0
10
32
6
3
0
8
8
27
9
2
27
6
2
16
0
9
12
13
9
624
12
36
4
14
16
26
1
4
724
29
30
12
19
14
8
29
30
16
31
12
134
17
75
16
11
24
9
2
20
11
73
17
65
25
5
1
11
22
47
24
6
1
35
10
3
3
7
11
0
0
9
44
2
15
34
45
51
26
24
1
0
3
0
15
0
0
18
6
0
0
0
4
1
0
0
69
36
132
42
24
43
94
64
27
103
3
13
0
1
30
30
7
8
229
4118
69
10
92
41
69
24
65
0
0
9
532
468
7791
622
712
350
209
166
96
3324
4
91
10
23
4
147
45
34
36
79
89
28
7
0
0
6
0
0
0
0
7
18
44
0
7
421
47
20
26
19
78
16
250
513
9
20
13
4
84
4
13
319
12
0
14
3270
106
9
22
2
5
57
17
221
53
12
27
6
8
7
3544
113
304
45
1
49
27
1
0
0
5881
2838
2047
1340
7
0
0
1393
758
215
212
3
117
42
19
48
38
1
7
7
7
2
23
5
12410
2248
4023
689
16916
9010
787
290
337
789
380
156
4
27
21
258
12
8
1
6
19
0
22
17
116
51
8
0
7
6
17
1
5
1
3
5
3
3
3574
6596
416
251
2222
243
251
1219
39
28
165
17
10
13
355
4
12
23
0
3
33
35
1
47
24
50
2
6
0
42
35
40
26
34
7
49
30
10
60
19
21
1153
530
33
21
31
16
3
1
6
17
18
19
0
4
16
923
0
1365
169
1666
388
318
87
2427
1524
72
1156
2326
11722
634
794
1286
49
128
25
0
1
2
6
51
2
0
1
33
106
17
53
23
41
3
17
7
20
148
3
11
10
13
409
0
6
6
66
42
44
21
26
33
38
50
29
274
11
21
12
9
27
78
21
1805
750
5872
354
584
909
369
969
315
181
436
1067
164
320
495
85
84
49
1281
2806
636
678
88
607
591
343
322
96
1101
1397
51
47
82
160
105
7
61
24
16
39
111
21
31
19
21
63
7
8
39
66
30
72
134
26
19
31
97
53
0
108
46
29
7
56
97
16
141
45
24
28
27
14
78
27
28
12
18
39
117
25
754
15
4
5
2
3
28
0
16
0
3
533
21
11079
5978
9500
8283
20255
5883
5434
10317
1466
6630
3315
300
265
148
103
61
134
43
95
159
229
6
71
39
135
60
104
78
36
47
49
16
33
23
25
11
37
415
92
1905
772
48
57
314
220
101
13
8
7
10
12
12
0
0
7
0
5
10
124110
40880
49799
42033
7550
14673
16223
7289
37588
16213
6948
6965
8
9
8
8
12
76
31
17
24
31
43
105
10
87
106
14
101
45
106
28
24
36
56
3
31
9
11
3332
147
81
46
53
3
3
18
89
51
44
7
1
86
336
91
47
46
118
40
1188
2883
820
1605
0
169
241
65
224
49
51
41
132
34
72
13
28
70
44
15
72
203
488
55
37
9
21
29
28
22
118
230
78
254
1477
60
3
596
2271
5
0
201
139
0
3
9
0
0
1
0
0
0
17
3
3
16
25
8
13
17
16
9
35
15
6
6
19
8
14
4
35
14
15
28
72
31
19
26
8
1
33
10
38
107
14
4
48
12
6271
163
160
59
85
59
469
102
55
148
131
129
4
512
346
44
89
6
108
77
134
447
36
9
24
10
5
8
60
98
17
43
64
2
40
35
100
32
385
5699
56
47
57
35
48
13
43
825
121
2695
430
65
59
0
18
11
9
14
10
48
4676
2232
2911
3031
953
2031
1160
178
255
228
327
31
281
70
110
37
93
26
118
54
195
107
214
542
2508
1362
152
172
468
306
163
108
140
73
142
156
100
39
14
2
74
46
31
162
46
52
26
12
81
73
51
76
47
93
101
145
68
157
104
266
52
94
70
164
26
64
213
9
43
35
53
247
353
4052
508
61
681
383
71
345
92
28
217
294
519
174
141
20
17
23
26
22
7
6
5
8
4
7
3
3
5
3
1
1
1
3
4
2
0
0
1
3
5
2
0
0
0
0
0
0
0
0
3
8
1
0
7
17
3
4
14
9
10
12
22
21
11
16
15
96
51
64
329
6268
201
10723
1489
639
3504
60
77
104
20411
437
16
112
144
46
59
196
33
35
27
16
21
38
4
26
114
19
26
2
3
8
5
2
1
2
3
0
0
4
5
4
11
4
5
3
3
2
3
12
13
4
10
17
48
4
4
9
13
8
6
9
7
22
16
14
12
4
5
6
17
18
21
21
13
11
45
42
18
37
44
50
17
17
181
14
12
26
6
10
6
8
3
5
6
8
4
4
1
1
1
1
1
1
2
2
24
6
2
2
2
6
2
4
4
7
12
1
125
59
0
0
0
0
3
3
4
5
0
0
8
14
0
0
0
0
3
3
3
7
0
0
0
0
18
11
7
11
4
3
1
0
5
5
2
1
0
0
2
2
2
0
0
0
4
6
5
4
26
21
20
14
20
12
11
26
29
3
4
3
4
18
22
17
0
10
15
37
66
19
21
3
3
3
3
21
28
12
22
18
0
0
2
9
0
0
0
0
0
0
0
0
0
0
1
1
0
0
2
3
1
1
3
2
0
0
2
2
2
0
1
0
3
3
1
0
0
0
3
4
3
3
0
0
13
18
10
12
14
19
26
12
20
12
14
10
14
16
10
5
5
5
170
84
19
0
0
0
0
0
0
0
0
0
0
0
0
0
0
0
0
0
0
2
2
0
0
0
0
0
0
5
3
1
2
1
1
2
2
8
7
2
2
1
1
1
1
1
0
395
10
19
13
22
5
4
14
8
1
0
0
0
2
1
8
10
2
3
0
0
0
0
0
0
9
2
1
5
79
179
0
0
5
0
5
0
75
81
21
31
20
20
4
5
4
4
43
28
0
0
0
0
5
2
2
41
4
4
0
0
0
0
0
0
0
0
0
0
0
0
3
0
0
0
0
0
0
0
0
0
0
0
3
3
1
1
1
1
1
1
2
2
0
0
1
2
2
2
2
6
0
0
7
3
0
0
1
0
12
13
9
14
15
21
23
51
66
136
5
8
10
8
6
6
69
89
4
4
6
9
14
8
4
7
4
7
7
7
7
9
12
14
2
2
0
0
0
0
0
0
0
0
0
0
3
4
0
0
0
0
0
0
1
4
2
2
8
13
0
0
9
6
2
2
0
0
7
9
0
0
3
3
3
3
4
3
6
5
15
20
16
21
9
18
71
74
10
7
12
16
0
0
19
20
307
113
39
33
1
3
1
1
0
0
3
5
0
0
0
0
1
1
0
0
2
4
0
0
13
27
1
11
3
5
1
3
6
12
16
11
22
26
1
1
11
13
0
0
3
17
3
2
0
0
20
19
14
15
31
49
3
70
0
0
5
8
0
0
10
11
1
3
1
0
0
0
0
0
2
1
0
0
1
1
0
0
1
1
0
0
6
3
0
0
2
5
4
6
22
28
3
6
16
17
10
7
7
11
3
6
4
6
4
8
7
19
8
12
24
44
12
7
71
133
9
15
120
184
48
42
28
33
6
10
242
101
1726
110
58
200
72
87
102
112
133
16
8
117
52
8
91
23
110
701
1015
175
361
724
346
1047
165
318
521
58
121
430
8
133
16
232
7
30
50
90
110
6
988
1775
1079
892
556
444
682
965
843
640
622
1384
3087
1382
1333
830
69
519
577
201
148
4
22
55
65
13
6
9
9
19
20
15
45
26
18
1607
12
20
0
24
12
14
0
13
61
86
4
54
4
8
56
33
176
7
3
871
198
169
383
734
0
1042
454
654
327
1785
246
449
1117
79
299
167
6227
902
107
55
63
28
39
32
35
86
39
7
120
2340
221
155
20
603
25
573
365
306
60
134
25
76
60
52
71
46
6
27
8
18
740
115
309
88
69
96
179
237
86
80
68
42
23
68
37
43
20
17
509
53
138
177
114
41
55
326
41
216
95
101
50
40
49
190
431
120
35
31
98
39
98
72
99
36
134
146
91
335
99
22
19
42
22
30
7
21
42
29
28
97
182
67
0
24
88
25
58
130
10
17
76
6
11
12
11
46
5
62
1
7
74
72
187
346
257
64
31
21
29
30
51
12
32
130
31
149
142
63
24
47
33
50
14
2
3
40
23
247
82
190
222
46
7
45
30
11
91
58
30
21
14
19
81
1
133
170
18
98
0
473
131
9
2
82
1
71
137
2338
13
8
19
7
14
24
15
25
12
3
56
28
10
0
0
0
11
5
9
0
14
0
11
6
5
1
111
18
5
11
7
25
13
6
84
19
10
17
150
28
43
63
1
28
26
8
11
10
5
156
9
27
25
46
10
7
12
6
12
13
9
40
7
9
48
23
0
49
8
15
11
35
15
32
16
13
11
42
20
11
353
63
405
259
51
73
169
48
78
90
33
41
54
179
27
307
132
500
138
58
600
303
46
260
507
114
21
61
453
26
159
191
68
79
71
74
95
67
40
45
57
57
59
446
409
687
66
1584
506
260
444
204
301
102
250
734
213
44
34
8
37
7
15
7
12
5
7
38
3
19
21
6
42
42
53
3880
73
1332
331
114
565
64
735
25
115
253
66
24
49
19
17
2
138
18
20
8
10
90
63
176
129
207
99
114
95
103
88
25
12
6
180
704
254
123
106
98
167
3703
28
86
89
45
60
49
43
78
306
538
30
34
20
68
20
48
83
20
218
272
164
202
247
672
25
60
219
162
220
83
27
145
207
552
39
1897
62
146
35
37
81
27
20
17
5
8
100
13
15
46
4
6
116
11
7
150
27
12
2442
2912
2262
564
1262
2211
1581
142
1464
941
645
925
195
63
122
82
224
75
47
118
30
11
222
69
55
1743
257
11
502
33
454
4
19
1965
1539
1880
1
3
15
111
26
6
12
54
201
40
28
38
32
29
28
43
247
32
32
31
16
50
125
31
113
162
7
52
29
2
24
20
2
2
5
6
8
6
2
10
2
47
25
31
16
49
22
28
33
26
29
21
17
30
7
15
396
14
3
0
8
514
3185
121
41
53
99
63
34
44
72
64
14
12
934
633
299
1081
2905
1026
578
571
701
554
1088
825
1111
675
366
15
3
1
36
2
129
25
20
26
15
14
11
7
18
33
8
36
0
14
24
75
0
97
188
3
10
5
16
13
6
3
12
1
27872
2355
20836
22
34
34
30
42
28
47
61
38
41
21
33
38
80
91
15
24
37
32
15
19
19
42
179
124
64
77
31
11
1
6
1
3
0
0
3
0
1
5
2
2
29
71
226
489
203
10
41
933
367
230
165
131
47
22
92
67
18
15
22
11
8
15
10
13
9
10
6
10
14
174
24
2
69
9
789
394
38
20
85
27
195
219
337
440
613
354
5408
115
135
33
77
139
119
108
141
49
32
2348
734
0
0
0
1902
0
1349
0
231
0
33
10
44
27
145
130
0
0
0
10
0
0
5
0
0
0
10
1
0
0
0
0
0
0
3
0
4
0
0
19
0
0
0
4
0
0
0
2
0
7
1
1
0
0
0
0
1
8
0
1
0
0
32
12
15
7
8
13
10
11
7
6
0
0
1
0
0
0
0
0
2
0
0
0
2
1
0
0
0
6
0
0
0
0
2
0
0
0
0
0
0
0
0
26
0
0
1
0
0
0
7
0
0
0
0
0
4
0
0
2
0
0
0
1
0
0
2
0
0
2
0
0
0
0
2
0
0
973
827
770
1957
752
856
34
1870
287
226
85
131
61
466
40
260
14
4
34
213
122
56
25
10
8
71
34
140
8
10
41
50
5
20
71
16
55
0
0
19
2
11
20
76
13
18
25
2
29
31
18
5
59
21
1008
3
58
9
11
595
35
30
1
2
2
6
1
3
2
9
1
22
8
116
75
89
62
36
17
12
46
0
3
0
42
2
0
0
1
5
0
0
0
0
0
4
0
0
0
0
0
0
0
0
0
0
0
0
7
0
10
0
0
0
0
0
3
0
0
4
5
0
0
0
0
0
0
0
0
6
12
0
5
7
11
5
0
0
0
4
0
0
0
5
0
0
0
8
0
0
4
1
0
3
0
0
123
38
35
24
21
6
19
68
19
33
7
26
329
24
9
13
21
14
18
26
21
18
13
185
26
5
10
3
10
0
52
0
42
16
43
23
54
52
24
53
14
39
8
13
43
3649
749
796
975
675
517
75
576
425
612
432
1147
278
4090
0
56
3
0
1
1
4
0
1
31
4
151
113
76
65
27
25
25
25
47
13
35
34
40
151
73
67
63
8
7
5
35
16
39
16
64
36
4
50
0
19
34
11
18
24
12
13
15
33
15
15
11
13
7
47
3
9
8
17
38
379
80
118
155
37
7
16
26
29
12
15
68
42
19
57
122
30
13
21
24
13
16
16
23
13
11
20
2389
2515
68
19
16
26
21
23
5
41
34
41
19
3
1
0
0
5
4
5
5
4
24
56
160
0
0
0
0
1
2
8
2
5
2
3
2
1
2
4
0
1
0
0
1
0
2
0
1
2
3
0
0
1
1
4
0
2
0
0
0
2
0
0
0
2
0
0
0
0
9
0
0
0
0
0
0
0
0
0
0
6
0
0
0
1
0
0
0
0
0
0
0
4
0
0
2
6
1
1
5
0
0
0
0
0
0
0
0
0
0
0
0
0
0
0
0
0
2
20
0
68
95
47
125
139
126
202
279
157
133
111
147
39
41
0
17
80
100
94
48
46
22
14
43
16
48
37
11
20
27
52
24
0
26
1
36
11
18
23
0
91
2
26
15
23
61
31
68
2
27
13
162
414
76
49
106
55
105
118
39
91
555
3503
88
102
23
41
73
45
37
24
64
21
1
505
5
137
159
13
82
86
45
68
24
70
27
36
26
27
4
36
0
39
96
30
33
39
6
34
7
129
47
19
249
150
38
11
38
0
20
55
10
17
90
4
37
5
37
4
63
36
58
68
130
58
42
12
17
16
26
2
2
6
0
0
0
6
6
2
4
0
0
0
0
3
7
1
0
0
0
6
5
1
2
0
0
0
0
4
5
4
8
3
2
1
0
19
31
15
16
6
15
11
16
0
0
9
9
2
4
0
0
0
0
4
4
5
5
2
0
0
17
21
14
17
4
1
4
1
22
17
6
3
2
3
90
91
27
45
17
9
57
46
45
29
17
20
206
205
67
74
20
9
11
7
198
7
639
8
2
38
633
4
33
99
36
62
12
16
34
62
1018
810
7
29
78
43
106
44
73
2
0
19
92
18
33
23
18
24
10
34
677
181
115
246
207
777
524
169
367
175
43
0
697
830
27
186
67
2939
8575
557
304
49
120
46
51
132
92
156
98
111
212
99
80
112
46
54
167
157
116
576
325
195
762
413
457
292
103
89
24
33
19
344
24
7
7
10
7
29
9
12
30
13
871
598
1380
1227
786
351
188
654
1050
394
199
87
13546
16652
18896
16336
13385
166
678
14
11
12
30
88
5
5
9
0
39
6
579
12
11
6
16
114
58
22
80
73
143
94
64
218
177
101
20
20
40
4
0
10
12
7
113
64
154
29
83
27
16
7
6
8
559
113
169
294
93
196
322
111
49
121
412
284
568
125
218
64
194
1215
484
732
296
270
130
249
339
57
322
375
464
1644
1964
339
883
705
169
223
192
300
125
108
299
282
256
318
112
130
28
36
66
72
133
19
31
224
358
34
56
183
104
736
440
870
382
287
223
268
379
1215
391
703
444
986
606
540
990
152
438
238
96
293
47
8
32
143
52
29
13
18
29
0
24
16
1836
791
803
801
405
464
544
670
627
355
337
1013
224
300
1050
798
261
119
91
199
294
179
417
149
141
214
258
93
27
14
20
48
53
32
14
5
2
1
3
2
1
1337
3026
900
606
144
335
70
84
22
52
76
94
80
864
561
169
110
491
165
483
912
266
350
412
769
305
751
365
519
160
1182
741
1278
1301
625
1248
314
240
87
42
260
74
187
103
130
72
22
54
17
41
1012
25
770
12
580
34
12
1056
1183
27
22
2
2
7
39
70
15
22
38
3
3
6
0
4
2
2
4
2
2
4
0
5
18
2
8
4
44
14
16
10
352
38
112
131
91
138
52
47
76
7
8
47
59
28
33
63
4
29
32
46
34
34
25
37
40
20
16
14
7
41
123
10
12
5
5
4
0
5
6
0
2
21
20
0
0
2
5
1
1
0
1
1
0
0
0
0
203
351
45
50
276
27
278
28
7
39
1068
22
96
37
51
8
9
84
91
15
12
1718
982
877
201
1864
2281
354
452
2
1
0
11
4
6
8
36
0
2
159
80
5
10
1
5
7
12601
11089
7001
8798
9
29
102
11
13
204
45
15
19
1
0
87
340
51
95
85
628
855
562
445
674
405
593
870
428
1526
1175
1000
1167
269
993
658
592
157
312
356
274
74
125
154
47
28
544
141
0
146
126
298
186
134
185
276
135
24
130
552
85
249
215
64
547
1146
85
391
92
259
171
40
139
93
174
67
70
17
26
45
19
4
6
21
1
2
6
5
11
15
7
13
7
8
8
9
5
21
0
18
18
20
83
30
0
9
26
23
3
4
5
494
34
13
37
23
87
86
62
56
46
90
41
2
54
80
33
21
18
25
21
24
1
39
5
14
16
10
5
8
4
10
3
6
10
4
10
9
5
2
0
0
2
3
2
12
4
1
4
12
4
0
9
1
10
24
14
20
17
9
46
16
21
10
14
6
21
3
6
1
0
8
36
7
3
4
9
2
7
0
15
44
24
15
10
7
12
9
27
41
43
21
31
42
18
15
21
10
0
77
4
4
3
5
1
82
21
24
9
10
7
20
15
26
16
1
42
26
60
32
34
32
39
100
0
0
9
5
4
27
2
15
49
31
24
10
14
10
24
18
17
6
19
54
17
2
7
7
8
2
15
11
16
3
9
7
23
4
3
3
2
1
2
2
1
2
0
10
12
4
2
15
1
5
8
1
6
9
13
69
19
21
34
17
8
53
3
1
0
2
1
0
0
3
0
0
0
1
3
2
2
0
0
2
20
12
2
5
18
48
2
4
2
0
37
9
3
0
0
4
0
0
0
13
0
14
0
26
0
5
0
0
0
380
66
49
41
75
20
121
71
53
29
24
23
15
3
21
13
2
9
55
16
3
3
3
3
3
3
17
87
7
41
0
61
40
18
9
125
45
16
62
36
81
5
15
23
17
8
6
23
21
9
14
31
15
14
7
27
17
22
10
36
16
27
13
3
2
12
2
0
3
3
0
57
30
73
24
116
43
155
417
58
36
59
34
73
308
100
15
108
116
92
56
84
71
10
624
60
25
35
4
13
9
14
4
36
11
7
52
32
5
1
3
4
9
23
0
6
0
743
312
1056
47
79
11
35
12
2
45
43
19
5
5
4
35
51
23
22
5
4
22
32
1
5
1
6
2
2
0
62
50
32
5
6
20
16
0
8
21
7
5
13
8
22
6
46
29
8
5
9
17
8
12
0
5
1
0
0
16
18
18
8
8
15
88
5
10
53
22
2
5
6
9
3
9
11
4
9
13
1
2
49
1
1
16
1
1
286
6
6
1
2
32
1
3
2
2
46
1
4
1
4
100
89
85
192
150
275
394
280
137
224
203
183
3
4
6
0
0
0
0
0
130
39
17
18
10
9
174
132
198
417
43
41
1494
92
25
416
198
207
130
100
42
8
30
7
0
4
35
947
144
144
88
85
113
64
194
236
119
140
39
66
75
64
92
150
23
17
32
23
13
6
39
48
30
6
11
18
32
17
24
14
16
18
8
15
9
38
2
1
0
0
0
0
0
913
8
675
331
104
24559
148
111
121
23
15
673
564
257
256
132
92
99
551
21
21
32
73
52
48
77
357
105
207
230
71
69
26
3
7
4
30
33
20
140
137
128
170
102
84
253
145
132
238
685
60
26
3
32
2
62
7
51
25
18
10
57
3
45
4
3
3
4
4
1
5
0
3
1
4
603
7
0
3
310
188
540
166
962
68
43
449
288
507
279
208
9379
57
4295
193
94
305
86
64
3659
2108
2236
1519
593
1564
1219
1327
1100
550
55
108
561
378
2037
916
974
832
1394
939
324
260
232
124
259
232
104
130
61
383
454
1494
105
46
9639
14897
6684
13238
190
1399
34
6
9
2
1
3
5
20
3
1
7
162
175
238
11
25
38
4
589
383
182
162
437
390
134
49
144
71
281
121
2320
151
114
162
154
152
533
797
610
242
471
138
117
367
1204
468
322
383
12
16
597
1947
5
19
30
15
120
70
62
193
90
79
139
175
57
76
46
84
70
64
177
96
57
122
123
42
79
22
32
143
422
158
340
186
126
172
407
138
258
450
1137
850
355
535
736
132
467
723
411
328
212
569
1310
1
10
1
1
0
0
0
0
0
6018
492
162
181
136
191
153
355
747
144
124
484
388
319
318
192
224
152
592
474
104
171
281
232
103
45
195
459
174
349
19
2
9
3
28
69
4
12
11
40
0
0
0
16
5
14
21
6
7
20
3
7
6
4
6
1138
216
3
6
3
18
16
9
13
2
0
32
0
5
830
413
263
130
209
94
45
10
279
61
193
164
155
121
297
325
842
9813
104
73
2711
381
632
239
393
576
160
207
1527
1223
366
200
144
77
80
43
59
85
35208
8555
433
727
100
178
170
292
419
195
151
130
336
395
40
8
12
18
24
16
18
6
461
29
98
7
120
18
112
145
31
400
60
379
5438
5113
978
850
553
125
284
1734
2508
2319
2085
1806
1150
419
1648
1028
1404
620
1237
94
1717
796
376
52
613
207
265
138
56
58
11
83
51
2089
386
1101
234
168
167
57
181
458
313
942
125
412
56
35
103
44
0
0
4
0
0
1
6
3
0
4
0
0
69
75
70
22
13
25
16
1
2
20
50
7
5
18
34
4
13
1
0
0
0
0
10
16
20
13
16
8
1
17
22
6
9
0
9
2
4
1
10
6
9
14
0
13
12
10
10
16
14
7
3
9
8
31
8
11
80
0
699
1
2
3
1
1
1
2
0
9
3
0
0
0
0
2
0
0
0
0
0
0
0
0
18
5
1
11
9
19
10
38
10
6
5
7
662
464
882
412
144
172
735
184
1087
75
119
57
74
31
101
37
53
105
59
27
44
12
195
13
122
1472
181
255
35
57
29
48
108
1
2
3
3
1
2
100
116
168
97
199
119
174
130
95
75
168
325
137
19
491
222
296
190
81
707
522
505
227
284
33
4
1
5
4
4
67
50
17
94
25
141
154
60
241
236
147
104
135
436
203
250
655
357
302
34
7
27
20
194
167
12
15
462
216
218
68
670
45
111
19
32
50
60
81
30
95
14
5
143
47
59
15
31
52
28
147
24
327
8234
10707
8526
9
15
36
28
14
22
3
37
0
0
0
0
2
2
0
2
0
0
2
2
0
0
0
0
0
0
1
0
16
0
2
0
0
28
2
1
0
0
11
3
4
3
3
3
0
492
520
33
0
0
592
425
0
0
0
0
3
5
3
6
6
0
1
12
3
2
6
31
34
29
25
55
41
21
19
15
23
32
7
55
8
5
7
5
8
7
9
19
7
21
20
17
20
17
19
18
9
18
27
40
82
0
3
0
3
0
5
1
3
0
0
5
2
0
1
2
1
0
0
1
200
44
47
381
73
132
20
56
51
70
45
73
6
0
2
5
6
7
7
4
3
3
3
5
5
3
15
1
3
2
8
8
3
7
12
7
6
953
839
1035
841
380
165
222
283
180
66
102
0
58
1
29
6
4
6
2
0
2
1
4
4
3
9
7
14
2
2
18
5
2
9
227
719
956
493
332
495
619
419
165
492
139
225
123
355
0
0
0
17
0
0
7
0
0
0
0
0
0
450
267
52
22
152
170
158
510
91
233
197
311
151
121
137
68
189
195
88
175
88
272
226
231
110
62
226
127
244
252
72
123
415
113
108
50
81
90
145
168
160
148
195
248
66
59
489
754
235
183
342
134
169
346
0
2
0
0
76
4
0
0
8
0
26
21
5
4
3
4
5
24
10
2
5
9
4
2
36
5
0
1
16
0
11
0
0
2
76
5
3
4
8
40
0
0
0
1
5
1
1
0
0
468
480
601
294
134
251
391
267
355
87
120
244
9
3
3
8
2
15
6
4
12
4
11
8
2
13
0
5
0
2
4
2
2
2
0
0
0
2
0
36
17
12
13
47
24
52
11
13
146
18
10
19
17
6
10
12
10
5
8
8
11
10
9
2
36
0
0
1
0
3
0
0
0
58
2
0
704
96
50
17
29
82
98
59
102
2
883
29
31
26
29
21
2
14
7
5
2
8
20
4
2
16
25
6
2
2
1
3
6
2
759
675
353
1323
332
707
493
463
556
9
69
95
91
27
51
5
7
5
17
13
33
13
16
19
11
10
6
13
6
25
6
6
14
3
193
17
34
42
110
95
206
21
136
79
31
29
281
152
87
73
191
208
136
93
26
39
8
12
6
1
9
27
5
3
9
72
50
67
21
33
41
19
21
25
12
12
25
10
5
6
13
2
166
23
10
8
2
145
28
17
64
60
77
139
57
42
188
87
72
0
0
0
0
0
2
2
2
32
2
11
3
161
24
41
54
9
1
8
9
11
5
2
6
3
1
8
4
2
14
3
2
2
0
2
15
2
2
2
3
3
17
17
4
6
6
6
4
4
3
3
7
9
4
4
11
33
18
8
7
9
5
4
2
2
0
0
1
3
0
2
0
2
5
1
1
8
1
2
24
128
32
38
18
53
24
11
70
9
8
23
6
2
7
0
0
0
0
0
0
0
7
48
57
11
33
18
6
13
9
16
33
59
10
36
18
143
74
15
19
122
19
28
48
7
13
96
162
31
71
39
28
74
28
128
65
67
127
40
23
33
174
227
504
871
184
964
43
334
264
241
289
220
116
505
180
775
132
369
630
94
117
268
112
179
204
335
59
21
132
68
104
433
66
240
18
27
124
29
652
1002
182
192
285
310
257
111
39
104
43
21
97
195
120
54
109
425
434
113
120
45
47
69
41
45
30
22
16
3
969
666
689
726
334
66
77
502
71
62
8
9
8
11
6
10
8
1
7
8
29
9
9
103
209
149
27
0
97
9
14
2
3
58
20
9
47
94
66
20
18
16
30
36
32
41
19
4
30
43
18
32
11
22
38
13
32
15
22
8
0
17
4
5
5
3
0
3
10
3
11
15
28
5
3
3
904
1876
2039
317
237
338
177
97
76
67
25
138
29
87
64
117
91
181
79
54
44
289
7
14
24
108
35
83
15
7
27
17
20
5
184
86
47
440
322
75
128
426
79
227
1299
211
39
62
147
230
120
828
33
339
347
422
475
123
101
30
61
3667
3328
35
34
835
516
1481
1428
998
3
3
3
6
0
2
0
3
0
0
3
1
6
1
3
8
92
311
154
152
150
126
180
84
52
35
8
389
353
638
417
178
207
123
119
164
192
2
2
0
0
0
3
2
4
43
0
1
0
4
25
16
21
212
141
112
113
48
324
75
117
90
